seqnum;now;rtptime;deadline;packet_len;payload_len
0;3488141000;3398300000;3898300000;10240;10228
1;3488237000;3398300000;3898300000;10240;10228
2;3488251000;3398300000;3898300000;10240;10228
3;3488256000;3429588888;3929588888;10240;10228
4;3488263000;3429588888;3929588888;10240;10228
5;3488271000;3429588888;3929588888;10240;10228
6;3488276000;3429588888;3929588888;10240;10228
7;3488280000;3429588888;3929588888;10240;10228
8;3488285000;3429588888;3929588888;10240;10228
9;3488289000;3429588888;3929588888;10240;10228
10;3488297000;3429600000;3929600000;10240;10228
11;3491367000;3429944444;3929944444;10240;10228
12;3491387000;3429944444;3929944444;10240;10228
13;3491393000;3429944444;3929944444;10240;10228
14;3491398000;3471255555;3971255555;10240;10228
15;3491403000;3471255555;3971255555;10240;10228
16;3491412000;3471255555;3971255555;10240;10228
17;3491417000;3471255555;3971255555;10240;10228
18;3491471000;3471255555;3971255555;10240;10228
19;3491477000;3471255555;3971255555;10240;10228
20;3491483000;3471255555;3971255555;10240;10228
21;3491487000;3471311111;3971311111;10240;10228
22;3533099000;3471688888;3971688888;10240;10228
23;3533122000;3471688888;3971688888;10240;10228
24;3533132000;3471688888;3971688888;10240;10228
25;3533139000;3512911111;4012911111;10240;10228
26;3533145000;3512911111;4012911111;10240;10228
27;3533151000;3512911111;4012911111;10240;10228
28;3533159000;3512911111;4012911111;10240;10228
29;3533164000;3512911111;4012911111;10240;10228
30;3533170000;3512911111;4012911111;10240;10228
31;3533175000;3512911111;4012911111;10240;10228
32;3533181000;3512966666;4012966666;10240;10228
33;3574734000;3513311111;4013311111;10240;10228
34;3574757000;3513311111;4013311111;10240;10228
35;3574763000;3513311111;4013311111;10240;10228
36;3574770000;3554555555;4054555555;10240;10228
37;3574775000;3554555555;4054555555;10240;10228
38;3574781000;3554555555;4054555555;10240;10228
39;3574790000;3554555555;4054555555;10240;10228
40;3574795000;3554555555;4054555555;10240;10228
41;3574800000;3554555555;4054555555;10240;10228
42;3574813000;3554555555;4054555555;10240;10228
43;3574820000;3554611111;4054611111;10240;10228
44;3616428000;3554944444;4054944444;10240;10228
45;3616455000;3554944444;4054944444;10240;10228
46;3616462000;3554944444;4054944444;10240;10228
47;3616469000;3596222222;4096222222;10240;10228
48;3616474000;3596222222;4096222222;10240;10228
49;3616480000;3596222222;4096222222;10240;10228
50;3616494000;3596222222;4096222222;10240;10228
51;3616499000;3596222222;4096222222;10240;10228
52;3616503000;3596222222;4096222222;10240;10228
53;3616507000;3596222222;4096222222;10240;10228
54;3616512000;3596277777;4096277777;10240;10228
55;3658120000;3596600000;4096600000;10240;10228
56;3658167000;3596600000;4096600000;10240;10228
57;3658175000;3596600000;4096600000;10240;10228
58;3658181000;3637888888;4137888888;10240;10228
59;3658187000;3637888888;4137888888;10240;10228
60;3658195000;3637888888;4137888888;10240;10228
61;3658201000;3637888888;4137888888;10240;10228
62;3658210000;3637888888;4137888888;10240;10228
63;3658336000;3637888888;4137888888;10240;10228
64;3658348000;3637888888;4137888888;10240;10228
65;3658354000;3637944444;4137944444;10240;10228
66;3699750000;3638266666;4138266666;10240;10228
67;3699778000;3638266666;4138266666;10240;10228
68;3699784000;3638266666;4138266666;10240;10228
69;3699796000;3679555555;4179555555;10240;10228
70;3699802000;3679555555;4179555555;10240;10228
71;3699809000;3679555555;4179555555;10240;10228
72;3699824000;3679555555;4179555555;10240;10228
73;3699829000;3679555555;4179555555;10240;10228
74;3699834000;3679555555;4179555555;10240;10228
75;3699839000;3679555555;4179555555;10240;10228
76;3699843000;3679611111;4179611111;10240;10228
77;3741452000;3679933333;4179933333;10240;10228
78;3741474000;3679933333;4179933333;10240;10228
79;3741479000;3679933333;4179933333;10240;10228
80;3741485000;3721255555;4221255555;10240;10228
81;3741489000;3721255555;4221255555;10240;10228
82;3741496000;3721255555;4221255555;10240;10228
83;3741501000;3721255555;4221255555;10240;10228
84;3741510000;3721255555;4221255555;10240;10228
85;3741544000;3721255555;4221255555;10240;10228
86;3741549000;3721255555;4221255555;10240;10228
87;3741553000;3721300000;4221300000;10240;10228
88;3783092000;3721611111;4221611111;10240;10228
89;3783104000;3721611111;4221611111;10240;10228
90;3783108000;3721611111;4221611111;10240;10228
91;3783114000;3762900000;4262900000;10240;10228
92;3783118000;3762900000;4262900000;10240;10228
93;3783124000;3762900000;4262900000;10240;10228
94;3783129000;3762900000;4262900000;10240;10228
95;3783134000;3762900000;4262900000;10240;10228
96;3783147000;3762900000;4262900000;10240;10228
97;3783391000;3762900000;4262900000;10240;10228
98;3783410000;3762966666;4262966666;10240;10228
99;3824707000;3763277777;4263277777;10240;10228
100;3824717000;3763277777;4263277777;10240;10228
101;3824722000;3763277777;4263277777;10240;10228
102;3824726000;3804555555;4304555555;10240;10228
103;3824774000;3804555555;4304555555;10240;10228
104;3824791000;3804555555;4304555555;10240;10228
105;3824821000;3804555555;4304555555;10240;10228
106;3824844000;3804555555;4304555555;10240;10228
107;3824860000;3804555555;4304555555;10240;10228
108;3824874000;3804555555;4304555555;10240;10228
109;3824879000;3804611111;4304611111;10240;10228
110;3866431000;3804855555;4304855555;10240;10228
111;3866450000;3804855555;4304855555;10240;10228
112;3866457000;3804855555;4304855555;10240;10228
113;3866462000;3846255555;4346255555;10240;10228
114;3866469000;3846255555;4346255555;10240;10228
115;3866478000;3846255555;4346255555;10240;10228
116;3866483000;3846255555;4346255555;10240;10228
117;3866488000;3846255555;4346255555;10240;10228
118;3866492000;3846255555;4346255555;10240;10228
119;3866497000;3846255555;4346255555;10240;10228
120;3866501000;3846300000;4346300000;10240;10228
121;3908029000;3846600000;4346600000;10240;10228
122;3908039000;3846600000;4346600000;10240;10228
123;3908071000;3846600000;4346600000;10240;10228
124;3908078000;3887888888;4387888888;10240;10228
125;3908092000;3887888888;4387888888;10240;10228
126;3908097000;3887888888;4387888888;10240;10228
127;3908101000;3887888888;4387888888;10240;10228
128;3908107000;3887888888;4387888888;10240;10228
129;3908115000;3887888888;4387888888;10240;10228
130;3908120000;3887888888;4387888888;10240;10228
131;3908129000;3887944444;4387944444;10240;10228
132;3949697000;3888255555;4388255555;10240;10228
133;3949707000;3888255555;4388255555;10240;10228
134;3949713000;3888255555;4388255555;10240;10228
135;3949717000;3929555555;4429555555;10240;10228
136;3949722000;3929555555;4429555555;10240;10228
137;3949728000;3929555555;4429555555;10240;10228
138;3949733000;3929555555;4429555555;10240;10228
139;3949737000;3929555555;4429555555;10240;10228
140;3949798000;3929555555;4429555555;10240;10228
141;3949808000;3929555555;4429555555;10240;10228
142;3949813000;3929611111;4429611111;10240;10228
143;3991362000;3929888888;4429888888;10240;10228
144;3991371000;3929888888;4429888888;10240;10228
145;3991378000;3929888888;4429888888;10240;10228
146;3991382000;3971233333;4471233333;10240;10228
147;3991387000;3971233333;4471233333;10240;10228
148;3991392000;3971233333;4471233333;10240;10228
149;3991457000;3971233333;4471233333;10240;10228
150;3991467000;3971233333;4471233333;10240;10228
151;3991476000;3971233333;4471233333;10240;10228
152;3991480000;3971233333;4471233333;10240;10228
153;3991484000;3971288888;4471288888;10240;10228
154;4033081000;3971600000;4471600000;10240;10228
155;4033093000;3971600000;4471600000;10240;10228
156;4033099000;3971600000;4471600000;10240;10228
157;4033103000;4012944444;4512944444;10240;10228
158;4033109000;4012944444;4512944444;10240;10228
159;4033112000;4012944444;4512944444;10240;10228
160;4033117000;4012944444;4512944444;10240;10228
161;4033207000;4012944444;4512944444;10240;10228
162;4033218000;4012944444;4512944444;10240;10228
163;4033222000;4012944444;4512944444;10240;10228
164;4033227000;4012988888;4512988888;10240;10228
165;4074722000;4013366666;4513366666;10240;10228
166;4074734000;4013366666;4513366666;10240;10228
167;4074740000;4013366666;4513366666;10240;10228
168;4074744000;4054566666;4554566666;10240;10228
169;4074767000;4054566666;4554566666;10240;10228
170;4074771000;4054566666;4554566666;10240;10228
171;4074776000;4054566666;4554566666;10240;10228
172;4074789000;4054566666;4554566666;10240;10228
173;4074796000;4054566666;4554566666;10240;10228
174;4074810000;4054566666;4554566666;10240;10228
175;4074844000;4054611111;4554611111;10240;10228
176;4116363000;4054900000;4554900000;10240;10228
177;4116375000;4054900000;4554900000;10240;10228
178;4116380000;4054900000;4554900000;10240;10228
179;4116384000;4096222222;4596222222;10240;10228
180;4116388000;4096222222;4596222222;10240;10228
181;4116392000;4096222222;4596222222;10240;10228
182;4116397000;4096222222;4596222222;10240;10228
183;4116495000;4096222222;4596222222;10240;10228
184;4116506000;4096222222;4596222222;10240;10228
185;4116511000;4096222222;4596222222;10240;10228
186;4116525000;4096277777;4596277777;10240;10228
187;4158012000;4096555555;4596555555;10240;10228
188;4158024000;4096555555;4596555555;10240;10228
189;4158029000;4096555555;4596555555;10240;10228
190;4158068000;4137888888;4637888888;10240;10228
191;4158074000;4137888888;4637888888;10240;10228
192;4158078000;4137888888;4637888888;10240;10228
193;4158082000;4137888888;4637888888;10240;10228
194;4158106000;4137888888;4637888888;10240;10228
195;4158116000;4137888888;4637888888;10240;10228
196;4158120000;4137888888;4637888888;10240;10228
197;4158126000;4137944444;4637944444;10240;10228
198;4199679000;4138244444;4638244444;10240;10228
199;4199691000;4138244444;4638244444;10240;10228
200;4199695000;4138244444;4638244444;10240;10228
201;4199715000;4179555555;4679555555;10240;10228
202;4199720000;4179555555;4679555555;10240;10228
203;4199725000;4179555555;4679555555;10240;10228
204;4199729000;4179555555;4679555555;10240;10228
205;4199763000;4179555555;4679555555;10240;10228
206;4199768000;4179555555;4679555555;10240;10228
207;4199772000;4179555555;4679555555;10240;10228
208;4199779000;4179611111;4679611111;10240;10228
209;4241401000;4179888888;4679888888;10240;10228
210;4241413000;4179888888;4679888888;10240;10228
211;4241418000;4179888888;4679888888;10240;10228
212;4241422000;4221255555;4721255555;10240;10228
213;4241427000;4221255555;4721255555;10240;10228
214;4241455000;4221255555;4721255555;10240;10228
215;4241460000;4221255555;4721255555;10240;10228
216;4241464000;4221255555;4721255555;10240;10228
217;4241468000;4221255555;4721255555;10240;10228
218;4241475000;4221255555;4721255555;10240;10228
219;4241479000;4221300000;4721300000;10240;10228
220;4283056000;4221622222;4721622222;10240;10228
221;4283068000;4221622222;4721622222;10240;10228
222;4283073000;4221622222;4721622222;10240;10228
223;4283077000;4262900000;4762900000;10240;10228
224;4283082000;4262900000;4762900000;10240;10228
225;4283088000;4262900000;4762900000;10240;10228
226;4283092000;4262900000;4762900000;10240;10228
227;4283096000;4262900000;4762900000;10240;10228
228;4283100000;4262900000;4762900000;10240;10228
229;4283104000;4262900000;4762900000;10240;10228
230;4283116000;4262944444;4762944444;10240;10228
231;4324677000;4263266666;4763266666;10240;10228
232;4324689000;4263266666;4763266666;10240;10228
233;4324694000;4263266666;4763266666;10240;10228
234;4324749000;4304555555;4804555555;10240;10228
235;4324754000;4304555555;4804555555;10240;10228
236;4324766000;4304555555;4804555555;10240;10228
237;4324771000;4304555555;4804555555;10240;10228
238;4324776000;4304555555;4804555555;10240;10228
239;4324780000;4304555555;4804555555;10240;10228
240;4324788000;4304555555;4804555555;10240;10228
241;4324791000;4304611111;4804611111;10240;10228
242;4366392000;4304877777;4804877777;10240;10228
243;4366403000;4304877777;4804877777;10240;10228
244;4366407000;4304877777;4804877777;10240;10228
245;4366412000;4346222222;4846222222;10240;10228
246;4366417000;4346222222;4846222222;10240;10228
247;4366422000;4346222222;4846222222;10240;10228
248;4366426000;4346222222;4846222222;10240;10228
249;4366449000;4346222222;4846222222;10240;10228
250;4366453000;4346222222;4846222222;10240;10228
251;4366458000;4346222222;4846222222;10240;10228
252;4366471000;4346277777;4846277777;10240;10228
253;4408076000;4346588888;4846588888;10240;10228
254;4408086000;4346588888;4846588888;10240;10228
255;4408092000;4346588888;4846588888;10240;10228
256;4408097000;4387888888;4887888888;10240;10228
257;4408101000;4387888888;4887888888;10240;10228
258;4408106000;4387888888;4887888888;10240;10228
259;4408110000;4387888888;4887888888;10240;10228
260;4408115000;4387888888;4887888888;10240;10228
261;4408119000;4387888888;4887888888;10240;10228
262;4408129000;4387888888;4887888888;10240;10228
263;4408133000;4387944444;4887944444;10240;10228
264;4449780000;4388255555;4888255555;10240;10228
265;4449791000;4388255555;4888255555;10240;10228
266;4449797000;4388255555;4888255555;10240;10228
267;4449801000;4429566666;4929566666;10240;10228
268;4449805000;4429566666;4929566666;10240;10228
269;4449809000;4429566666;4929566666;10240;10228
270;4449813000;4429566666;4929566666;10240;10228
271;4449818000;4429566666;4929566666;10240;10228
272;4449822000;4429566666;4929566666;10240;10228
273;4449831000;4429566666;4929566666;10240;10228
274;4449835000;4429622222;4929622222;10240;10228
275;4491578000;4429911111;4929911111;10240;10228
276;4491588000;4429911111;4929911111;10240;10228
277;4491594000;4429911111;4929911111;10240;10228
278;4491599000;4471222222;4971222222;10240;10228
279;4491604000;4471222222;4971222222;10240;10228
280;4491608000;4471222222;4971222222;10240;10228
281;4491612000;4471222222;4971222222;10240;10228
282;4491616000;4471222222;4971222222;10240;10228
283;4491620000;4471222222;4971222222;10240;10228
284;4491629000;4471222222;4971222222;10240;10228
285;4491633000;4471277777;4971277777;10240;10228
286;4533220000;4471577777;4971577777;10240;10228
287;4533230000;4471577777;4971577777;10240;10228
288;4533236000;4471577777;4971577777;10240;10228
289;4533240000;4512888888;5012888888;10240;10228
290;4533248000;4512888888;5012888888;10240;10228
291;4533253000;4512888888;5012888888;10240;10228
292;4533262000;4512888888;5012888888;10240;10228
293;4533267000;4512888888;5012888888;10240;10228
294;4533274000;4512888888;5012888888;10240;10228
295;4533279000;4512888888;5012888888;10240;10228
296;4533283000;4512944444;5012944444;10240;10228
297;4574925000;4513233333;5013233333;10240;10228
298;4574935000;4513233333;5013233333;10240;10228
299;4574943000;4513233333;5013233333;10240;10228
300;4574948000;4554555555;5054555555;10240;10228
301;4574953000;4554555555;5054555555;10240;10228
302;4574957000;4554555555;5054555555;10240;10228
303;4574964000;4554555555;5054555555;10240;10228
304;4574968000;4554555555;5054555555;10240;10228
305;4574976000;4554555555;5054555555;10240;10228
306;4574982000;4554555555;5054555555;10240;10228
307;4574986000;4554611111;5054611111;10240;10228
308;4616572000;4554866666;5054866666;10240;10228
309;4616583000;4554866666;5054866666;10240;10228
310;4616589000;4554866666;5054866666;10240;10228
311;4616593000;4596222222;5096222222;10240;10228
312;4616597000;4596222222;5096222222;10240;10228
313;4616606000;4596222222;5096222222;10240;10228
314;4616613000;4596222222;5096222222;10240;10228
315;4616617000;4596222222;5096222222;10240;10228
316;4616622000;4596222222;5096222222;10240;10228
317;4616626000;4596222222;5096222222;10240;10228
318;4616630000;4596277777;5096277777;10240;10228
319;4658216000;4596566666;5096566666;10240;10228
320;4658227000;4596566666;5096566666;10240;10228
321;4658232000;4596566666;5096566666;10240;10228
322;4658236000;4637888888;5137888888;10240;10228
323;4658241000;4637888888;5137888888;10240;10228
324;4658245000;4637888888;5137888888;10240;10228
325;4658250000;4637888888;5137888888;10240;10228
326;4658259000;4637888888;5137888888;10240;10228
327;4658264000;4637888888;5137888888;10240;10228
328;4658270000;4637888888;5137888888;10240;10228
329;4658274000;4637944444;5137944444;10240;10228
331;4699909000;4638255555;5138255555;10240;10228
332;4699935000;4638255555;5138255555;10240;10228
333;4699946000;4679555555;5179555555;10240;10228
334;4699951000;4679555555;5179555555;10240;10228
335;4699968000;4679555555;5179555555;10240;10228
336;4699973000;4679555555;5179555555;10240;10228
337;4699988000;4679555555;5179555555;10240;10228
338;4699991000;4679555555;5179555555;10240;10228
339;4699996000;4679555555;5179555555;10240;10228
340;4700000000;4679611111;5179611111;10240;10228
330;4740582000;4638255555;5138255555;10240;10228
341;4741601000;4679900000;5179900000;10240;10228
342;4741617000;4679900000;5179900000;10240;10228
343;4741626000;4679900000;5179900000;10240;10228
344;4741631000;4721233333;5221233333;10240;10228
345;4741636000;4721233333;5221233333;10240;10228
346;4741640000;4721233333;5221233333;10240;10228
347;4741644000;4721233333;5221233333;10240;10228
348;4741648000;4721233333;5221233333;10240;10228
349;4741656000;4721233333;5221233333;10240;10228
350;4741662000;4721233333;5221233333;10240;10228
351;4741677000;4721277777;5221277777;10240;10228
352;4783254000;4721577777;5221577777;10240;10228
353;4783266000;4721577777;5221577777;10240;10228
354;4783271000;4721577777;5221577777;10240;10228
355;4783276000;4762911111;5262911111;10240;10228
356;4783281000;4762911111;5262911111;10240;10228
357;4783285000;4762911111;5262911111;10240;10228
358;4783289000;4762911111;5262911111;10240;10228
359;4783294000;4762911111;5262911111;10240;10228
360;4783298000;4762911111;5262911111;10240;10228
361;4783302000;4762911111;5262911111;10240;10228
362;4783305000;4762966666;5262966666;10240;10228
363;4824909000;4763255555;5263255555;10240;10228
364;4824921000;4763255555;5263255555;10240;10228
365;4824926000;4763255555;5263255555;10240;10228
366;4824932000;4804555555;5304555555;10240;10228
367;4824939000;4804555555;5304555555;10240;10228
368;4824946000;4804555555;5304555555;10240;10228
369;4824950000;4804555555;5304555555;10240;10228
370;4824954000;4804555555;5304555555;10240;10228
371;4824966000;4804555555;5304555555;10240;10228
372;4824971000;4804555555;5304555555;10240;10228
373;4824975000;4804611111;5304611111;10240;10228
374;4866577000;4804855555;5304855555;10240;10228
375;4866590000;4804855555;5304855555;10240;10228
376;4866595000;4804855555;5304855555;10240;10228
377;4866601000;4846222222;5346222222;10240;10228
378;4866605000;4846222222;5346222222;10240;10228
379;4866610000;4846222222;5346222222;10240;10228
380;4866614000;4846222222;5346222222;10240;10228
381;4866620000;4846222222;5346222222;10240;10228
382;4866624000;4846222222;5346222222;10240;10228
383;4866628000;4846222222;5346222222;10240;10228
384;4866631000;4846277777;5346277777;10240;10228
385;4908243000;4846555555;5346555555;10240;10228
386;4908256000;4846555555;5346555555;10240;10228
387;4908261000;4846555555;5346555555;10240;10228
388;4908266000;4887888888;5387888888;10240;10228
389;4908271000;4887888888;5387888888;10240;10228
390;4908276000;4887888888;5387888888;10240;10228
391;4908280000;4887888888;5387888888;10240;10228
392;4908285000;4887888888;5387888888;10240;10228
393;4908289000;4887888888;5387888888;10240;10228
394;4908293000;4887888888;5387888888;10240;10228
395;4908297000;4887944444;5387944444;10240;10228
396;4949893000;4888255555;5388255555;10240;10228
397;4949904000;4888255555;5388255555;10240;10228
398;4949910000;4888255555;5388255555;10240;10228
406;4949924000;4929611111;5429611111;10240;10228
407;4991463000;4929877777;5429877777;10240;10228
408;4991479000;4929877777;5429877777;10240;10228
409;4991485000;4929877777;5429877777;10240;10228
410;4991493000;4971255555;5471255555;10240;10228
411;4991508000;4971255555;5471255555;10240;10228
412;4991513000;4971255555;5471255555;10240;10228
413;4991518000;4971255555;5471255555;10240;10228
414;4991523000;4971255555;5471255555;10240;10228
415;4991537000;4971255555;5471255555;10240;10228
416;4991541000;4971255555;5471255555;10240;10228
417;4991545000;4971300000;5471300000;10240;10228
399;5031994000;4929555555;5429555555;10240;10228
400;5032024000;4929555555;5429555555;10240;10228
401;5032030000;4929555555;5429555555;10240;10228
402;5032039000;4929555555;5429555555;10240;10228
403;5032059000;4929555555;5429555555;10240;10228
404;5032078000;4929555555;5429555555;10240;10228
405;5032086000;4929555555;5429555555;10240;10228
418;5033054000;4971611111;5471611111;10240;10228
419;5033067000;4971611111;5471611111;10240;10228
420;5033082000;4971611111;5471611111;10240;10228
421;5033086000;5012888888;5512888888;10240;10228
422;5033090000;5012888888;5512888888;10240;10228
423;5033296000;5012888888;5512888888;10240;10228
424;5033307000;5012888888;5512888888;10240;10228
425;5033313000;5012888888;5512888888;10240;10228
426;5033317000;5012888888;5512888888;10240;10228
427;5033322000;5012888888;5512888888;10240;10228
428;5033327000;5012944444;5512944444;10240;10228
429;5074977000;5013266666;5513266666;10240;10228
430;5075012000;5013266666;5513266666;10240;10228
431;5075023000;5013266666;5513266666;10240;10228
432;5075031000;5054588888;5554588888;10240;10228
433;5075040000;5054588888;5554588888;10240;10228
434;5075070000;5054588888;5554588888;10240;10228
435;5075078000;5054588888;5554588888;10240;10228
436;5075085000;5054588888;5554588888;10240;10228
437;5075093000;5054588888;5554588888;10240;10228
438;5075103000;5054588888;5554588888;10240;10228
439;5075111000;5054633333;5554633333;10240;10228
440;5116619000;5054944444;5554944444;10240;10228
441;5116659000;5054944444;5554944444;10240;10228
442;5116670000;5054944444;5554944444;10240;10228
443;5116686000;5096222222;5596222222;10240;10228
444;5116691000;5096222222;5596222222;10240;10228
445;5116697000;5096222222;5596222222;10240;10228
446;5116701000;5096222222;5596222222;10240;10228
447;5116706000;5096222222;5596222222;10240;10228
448;5116711000;5096222222;5596222222;10240;10228
449;5116715000;5096222222;5596222222;10240;10228
450;5116719000;5096277777;5596277777;10240;10228
451;5158307000;5096555555;5596555555;10240;10228
452;5158357000;5096555555;5596555555;10240;10228
453;5158368000;5096555555;5596555555;10240;10228
454;5158376000;5137888888;5637888888;10240;10228
455;5158385000;5137888888;5637888888;10240;10228
456;5158394000;5137888888;5637888888;10240;10228
457;5158403000;5137888888;5637888888;10240;10228
458;5158414000;5137888888;5637888888;10240;10228
459;5158421000;5137888888;5637888888;10240;10228
460;5158429000;5137888888;5637888888;10240;10228
461;5158436000;5137944444;5637944444;10240;10228
462;5199951000;5138233333;5638233333;10240;10228
463;5199979000;5138233333;5638233333;10240;10228
464;5199990000;5138233333;5638233333;10240;10228
465;5199994000;5179566666;5679566666;10240;10228
466;5200000000;5179566666;5679566666;10240;10228
467;5200006000;5179566666;5679566666;10240;10228
468;5200012000;5179566666;5679566666;10240;10228
469;5200017000;5179566666;5679566666;10240;10228
470;5200023000;5179566666;5679566666;10240;10228
471;5200027000;5179566666;5679566666;10240;10228
472;5200032000;5179611111;5679611111;10240;10228
473;5241632000;5179877777;5679877777;10240;10228
474;5241684000;5179877777;5679877777;10240;10228
475;5241691000;5179877777;5679877777;10240;10228
476;5241697000;5221233333;5721233333;10240;10228
477;5241704000;5221233333;5721233333;10240;10228
478;5241712000;5221233333;5721233333;10240;10228
479;5241720000;5221233333;5721233333;10240;10228
480;5241726000;5221233333;5721233333;10240;10228
481;5241733000;5221233333;5721233333;10240;10228
482;5241739000;5221233333;5721233333;10240;10228
483;5241745000;5221277777;5721277777;10240;10228
484;5283275000;5221611111;5721611111;10240;10228
485;5283296000;5221611111;5721611111;10240;10228
486;5283304000;5221611111;5721611111;10240;10228
487;5283308000;5262900000;5762900000;10240;10228
488;5283314000;5262900000;5762900000;10240;10228
489;5283321000;5262900000;5762900000;10240;10228
490;5283326000;5262900000;5762900000;10240;10228
491;5283330000;5262900000;5762900000;10240;10228
492;5283344000;5262900000;5762900000;10240;10228
493;5283348000;5262900000;5762900000;10240;10228
494;5283353000;5262944444;5762944444;10240;10228
495;5324907000;5263266666;5763266666;10240;10228
496;5324919000;5263266666;5763266666;10240;10228
498;5324924000;5304555555;5804555555;10240;10228
499;5324933000;5304555555;5804555555;10240;10228
500;5324948000;5304555555;5804555555;10240;10228
501;5324952000;5304555555;5804555555;10240;10228
502;5324958000;5304555555;5804555555;10240;10228
503;5324962000;5304555555;5804555555;10240;10228
504;5324984000;5304555555;5804555555;10240;10228
505;5324988000;5304611111;5804611111;10240;10228
497;5365391000;5263266666;5763266666;10240;10228
506;5366604000;5304866666;5804866666;10240;10228
507;5366618000;5304866666;5804866666;10240;10228
508;5366625000;5304866666;5804866666;10240;10228
509;5366630000;5346222222;5846222222;10240;10228
510;5366635000;5346222222;5846222222;10240;10228
511;5366639000;5346222222;5846222222;10240;10228
512;5366643000;5346222222;5846222222;10240;10228
513;5366651000;5346222222;5846222222;10240;10228
514;5366656000;5346222222;5846222222;10240;10228
515;5366660000;5346222222;5846222222;10240;10228
516;5366664000;5346277777;5846277777;10240;10228
517;5408268000;5346577777;5846577777;10240;10228
518;5408279000;5346577777;5846577777;10240;10228
519;5408285000;5346577777;5846577777;10240;10228
520;5408290000;5387922222;5887922222;10240;10228
521;5408294000;5387922222;5887922222;10240;10228
522;5408299000;5387922222;5887922222;10240;10228
523;5408303000;5387922222;5887922222;10240;10228
524;5408308000;5387922222;5887922222;10240;10228
525;5408312000;5387922222;5887922222;10240;10228
526;5408316000;5387922222;5887922222;10240;10228
527;5408320000;5387966666;5887966666;10240;10228
528;5449910000;5388288888;5888288888;10240;10228
529;5449921000;5388288888;5888288888;10240;10228
530;5449926000;5388288888;5888288888;10240;10228
531;5449933000;5429555555;5929555555;10240;10228
532;5449937000;5429555555;5929555555;10240;10228
533;5449942000;5429555555;5929555555;10240;10228
534;5449946000;5429555555;5929555555;10240;10228
535;5449952000;5429555555;5929555555;10240;10228
536;5449957000;5429555555;5929555555;10240;10228
537;5449961000;5429555555;5929555555;10240;10228
538;5449964000;5429611111;5929611111;10240;10228
539;5491602000;5429888888;5929888888;10240;10228
540;5491615000;5429888888;5929888888;10240;10228
541;5491620000;5429888888;5929888888;10240;10228
542;5491625000;5471222222;5971222222;10240;10228
543;5491629000;5471222222;5971222222;10240;10228
544;5491634000;5471222222;5971222222;10240;10228
545;5491638000;5471222222;5971222222;10240;10228
546;5491644000;5471222222;5971222222;10240;10228
547;5491648000;5471222222;5971222222;10240;10228
548;5491652000;5471222222;5971222222;10240;10228
549;5491656000;5471277777;5971277777;10240;10228
550;5533249000;5471588888;5971588888;10240;10228
551;5533261000;5471588888;5971588888;10240;10228
552;5533265000;5471588888;5971588888;10240;10228
553;5533275000;5512888888;6012888888;10240;10228
554;5533280000;5512888888;6012888888;10240;10228
555;5533285000;5512888888;6012888888;10240;10228
556;5533290000;5512888888;6012888888;10240;10228
557;5533296000;5512888888;6012888888;10240;10228
558;5533300000;5512888888;6012888888;10240;10228
559;5533307000;5512888888;6012888888;10240;10228
560;5533321000;5512944444;6012944444;10240;10228
561;5574909000;5513244444;6013244444;10240;10228
562;5574921000;5513244444;6013244444;10240;10228
563;5574926000;5513244444;6013244444;10240;10228
564;5574931000;5554555555;6054555555;10240;10228
565;5574935000;5554555555;6054555555;10240;10228
566;5574940000;5554555555;6054555555;10240;10228
567;5574944000;5554555555;6054555555;10240;10228
568;5574954000;5554555555;6054555555;10240;10228
569;5574958000;5554555555;6054555555;10240;10228
570;5574964000;5554555555;6054555555;10240;10228
571;5574968000;5554611111;6054611111;10240;10228
572;5616579000;5554877777;6054877777;10240;10228
573;5616589000;5554877777;6054877777;10240;10228
574;5616595000;5554877777;6054877777;10240;10228
575;5616599000;5596233333;6096233333;10240;10228
576;5616603000;5596233333;6096233333;10240;10228
577;5616612000;5596233333;6096233333;10240;10228
578;5616617000;5596233333;6096233333;10240;10228
579;5616622000;5596233333;6096233333;10240;10228
580;5616626000;5596233333;6096233333;10240;10228
581;5616631000;5596233333;6096233333;10240;10228
582;5616647000;5596277777;6096277777;10240;10228
583;5658245000;5596588888;6096588888;10240;10228
584;5658254000;5596588888;6096588888;10240;10228
585;5658260000;5596588888;6096588888;10240;10228
587;5658264000;5637900000;6137900000;10240;10228
588;5658293000;5637900000;6137900000;10240;10228
589;5658298000;5637900000;6137900000;10240;10228
590;5658302000;5637900000;6137900000;10240;10228
591;5658307000;5637900000;6137900000;10240;10228
592;5658311000;5637900000;6137900000;10240;10228
593;5658315000;5637944444;6137944444;10240;10228
586;5698764000;5637900000;6137900000;10240;10228
594;5699930000;5638277777;6138277777;10240;10228
595;5699945000;5638277777;6138277777;10240;10228
596;5699952000;5638277777;6138277777;10240;10228
597;5699956000;5679588888;6179588888;10240;10228
598;5699962000;5679588888;6179588888;10240;10228
599;5699967000;5679588888;6179588888;10240;10228
600;5699973000;5679588888;6179588888;10240;10228
601;5699977000;5679588888;6179588888;10240;10228
602;5699981000;5679588888;6179588888;10240;10228
603;5699985000;5679588888;6179588888;10240;10228
604;5699989000;5679633333;6179633333;10240;10228
605;5741615000;5679933333;6179933333;10240;10228
606;5741629000;5679933333;6179933333;10240;10228
607;5741636000;5679933333;6179933333;10240;10228
608;5741640000;5721255555;6221255555;10240;10228
609;5741648000;5721255555;6221255555;10240;10228
610;5741653000;5721255555;6221255555;10240;10228
611;5741659000;5721255555;6221255555;10240;10228
612;5741664000;5721255555;6221255555;10240;10228
613;5741668000;5721255555;6221255555;10240;10228
614;5741671000;5721255555;6221255555;10240;10228
615;5741675000;5721311111;6221311111;10240;10228
616;5783250000;5721611111;6221611111;10240;10228
617;5783260000;5721611111;6221611111;10240;10228
618;5783266000;5721611111;6221611111;10240;10228
619;5783271000;5762888888;6262888888;10240;10228
620;5783275000;5762888888;6262888888;10240;10228
621;5783281000;5762888888;6262888888;10240;10228
622;5783286000;5762888888;6262888888;10240;10228
623;5783290000;5762888888;6262888888;10240;10228
624;5783295000;5762888888;6262888888;10240;10228
625;5783299000;5762888888;6262888888;10240;10228
626;5783302000;5762944444;6262944444;10240;10228
627;5824896000;5763266666;6263266666;10240;10228
628;5824908000;5763266666;6263266666;10240;10228
629;5824914000;5763266666;6263266666;10240;10228
630;5824918000;5804555555;6304555555;10240;10228
631;5824924000;5804555555;6304555555;10240;10228
632;5824929000;5804555555;6304555555;10240;10228
633;5824935000;5804555555;6304555555;10240;10228
634;5824940000;5804555555;6304555555;10240;10228
635;5824945000;5804555555;6304555555;10240;10228
636;5824948000;5804555555;6304555555;10240;10228
637;5824953000;5804611111;6304611111;10240;10228
638;5866573000;5804866666;6304866666;10240;10228
639;5866587000;5804866666;6304866666;10240;10228
640;5866593000;5804866666;6304866666;10240;10228
641;5866598000;5846222222;6346222222;10240;10228
642;5866605000;5846222222;6346222222;10240;10228
643;5866610000;5846222222;6346222222;10240;10228
644;5866615000;5846222222;6346222222;10240;10228
645;5866620000;5846222222;6346222222;10240;10228
646;5866624000;5846222222;6346222222;10240;10228
647;5866629000;5846222222;6346222222;10240;10228
648;5866634000;5846277777;6346277777;10240;10228
649;5908241000;5846566666;6346566666;10240;10228
650;5908254000;5846566666;6346566666;10240;10228
651;5908264000;5846566666;6346566666;10240;10228
652;5908279000;5887888888;6387888888;10240;10228
653;5908287000;5887888888;6387888888;10240;10228
654;5908295000;5887888888;6387888888;10240;10228
655;5908313000;5887888888;6387888888;10240;10228
656;5908328000;5887888888;6387888888;10240;10228
657;5908334000;5887888888;6387888888;10240;10228
665;5949946000;5929555555;6429555555;10240;10228
666;5949961000;5929555555;6429555555;10240;10228
667;5949966000;5929555555;6429555555;10240;10228
668;5949973000;5929555555;6429555555;10240;10228
669;5949979000;5929555555;6429555555;10240;10228
670;5949984000;5929611111;6429611111;10240;10228
658;5990660000;5887888888;6387888888;10240;10228
659;5990688000;5887944444;6387944444;10240;10228
660;5990703000;5888266666;6388266666;10240;10228
661;5990710000;5888266666;6388266666;10240;10228
662;5990717000;5888266666;6388266666;10240;10228
663;5990723000;5929555555;6429555555;10240;10228
664;5990750000;5929555555;6429555555;10240;10228
671;5991609000;5929888888;6429888888;10240;10228
672;5991620000;5929888888;6429888888;10240;10228
673;5991625000;5929888888;6429888888;10240;10228
674;5991630000;5971266666;6471266666;10240;10228
675;5991638000;5971266666;6471266666;10240;10228
676;5991643000;5971266666;6471266666;10240;10228
677;5991648000;5971266666;6471266666;10240;10228
678;5991652000;5971266666;6471266666;10240;10228
679;5991656000;5971266666;6471266666;10240;10228
680;5991665000;5971266666;6471266666;10240;10228
681;5991669000;5971311111;6471311111;10240;10228
682;6033268000;5971633333;6471633333;10240;10228
683;6033280000;5971633333;6471633333;10240;10228
684;6033288000;5971633333;6471633333;10240;10228
685;6033293000;6012911111;6512911111;10240;10228
686;6033297000;6012911111;6512911111;10240;10228
687;6033302000;6012911111;6512911111;10240;10228
688;6033306000;6012911111;6512911111;10240;10228
689;6033312000;6012911111;6512911111;10240;10228
690;6033316000;6012911111;6512911111;10240;10228
691;6033320000;6012911111;6512911111;10240;10228
692;6033325000;6012966666;6512966666;10240;10228
693;6074893000;6013311111;6513311111;10240;10228
694;6074907000;6013311111;6513311111;10240;10228
695;6074912000;6013311111;6513311111;10240;10228
696;6074917000;6054555555;6554555555;10240;10228
697;6074921000;6054555555;6554555555;10240;10228
698;6074926000;6054555555;6554555555;10240;10228
699;6074931000;6054555555;6554555555;10240;10228
700;6074937000;6054555555;6554555555;10240;10228
701;6074941000;6054555555;6554555555;10240;10228
702;6074946000;6054555555;6554555555;10240;10228
703;6074950000;6054611111;6554611111;10240;10228
704;6116606000;6054900000;6554900000;10240;10228
705;6116617000;6054900000;6554900000;10240;10228
706;6116622000;6054900000;6554900000;10240;10228
707;6116628000;6096255555;6596255555;10240;10228
708;6116635000;6096255555;6596255555;10240;10228
709;6116641000;6096255555;6596255555;10240;10228
710;6116645000;6096255555;6596255555;10240;10228
711;6116651000;6096255555;6596255555;10240;10228
712;6116655000;6096255555;6596255555;10240;10228
713;6116660000;6096255555;6596255555;10240;10228
714;6116664000;6096300000;6596300000;10240;10228
715;6158248000;6096588888;6596588888;10240;10228
716;6158262000;6096588888;6596588888;10240;10228
717;6158270000;6096588888;6596588888;10240;10228
718;6158275000;6137900000;6637900000;10240;10228
719;6158279000;6137900000;6637900000;10240;10228
720;6158284000;6137900000;6637900000;10240;10228
721;6158288000;6137900000;6637900000;10240;10228
722;6158298000;6137900000;6637900000;10240;10228
723;6158302000;6137900000;6637900000;10240;10228
724;6158307000;6137900000;6637900000;10240;10228
725;6158311000;6137944444;6637944444;10240;10228
726;6199901000;6138244444;6638244444;10240;10228
727;6199911000;6138244444;6638244444;10240;10228
728;6199916000;6138244444;6638244444;10240;10228
729;6199921000;6179555555;6679555555;10240;10228
730;6199925000;6179555555;6679555555;10240;10228
731;6199929000;6179555555;6679555555;10240;10228
732;6199933000;6179555555;6679555555;10240;10228
733;6199942000;6179555555;6679555555;10240;10228
734;6199946000;6179555555;6679555555;10240;10228
735;6199951000;6179555555;6679555555;10240;10228
736;6199954000;6179611111;6679611111;10240;10228
737;6241586000;6179888888;6679888888;10240;10228
738;6241597000;6179888888;6679888888;10240;10228
739;6241615000;6179888888;6679888888;10240;10228
740;6241619000;6221222222;6721222222;10240;10228
741;6241626000;6221222222;6721222222;10240;10228
742;6241631000;6221222222;6721222222;10240;10228
743;6241635000;6221222222;6721222222;10240;10228
744;6241640000;6221222222;6721222222;10240;10228
745;6241644000;6221222222;6721222222;10240;10228
746;6241649000;6221222222;6721222222;10240;10228
747;6241653000;6221277777;6721277777;10240;10228
748;6283247000;6221611111;6721611111;10240;10228
749;6283257000;6221611111;6721611111;10240;10228
750;6283263000;6221611111;6721611111;10240;10228
751;6283267000;6262888888;6762888888;10240;10228
752;6283273000;6262888888;6762888888;10240;10228
753;6283277000;6262888888;6762888888;10240;10228
754;6283289000;6262888888;6762888888;10240;10228
755;6283293000;6262888888;6762888888;10240;10228
756;6283297000;6262888888;6762888888;10240;10228
757;6283302000;6262888888;6762888888;10240;10228
758;6283305000;6262944444;6762944444;10240;10228
759;6324911000;6263266666;6763266666;10240;10228
760;6324920000;6263266666;6763266666;10240;10228
761;6324932000;6263266666;6763266666;10240;10228
762;6324937000;6304555555;6804555555;10240;10228
763;6324942000;6304555555;6804555555;10240;10228
764;6324946000;6304555555;6804555555;10240;10228
765;6324951000;6304555555;6804555555;10240;10228
766;6324960000;6304555555;6804555555;10240;10228
767;6324965000;6304555555;6804555555;10240;10228
768;6324969000;6304555555;6804555555;10240;10228
769;6324973000;6304611111;6804611111;10240;10228
770;6366565000;6304877777;6804877777;10240;10228
771;6366576000;6304877777;6804877777;10240;10228
772;6366582000;6304877777;6804877777;10240;10228
773;6366587000;6346222222;6846222222;10240;10228
774;6366592000;6346222222;6846222222;10240;10228
775;6366597000;6346222222;6846222222;10240;10228
776;6366602000;6346222222;6846222222;10240;10228
777;6366606000;6346222222;6846222222;10240;10228
778;6366611000;6346222222;6846222222;10240;10228
779;6366615000;6346222222;6846222222;10240;10228
780;6366618000;6346277777;6846277777;10240;10228
781;6408240000;6346588888;6846588888;10240;10228
782;6408251000;6346588888;6846588888;10240;10228
783;6408260000;6346588888;6846588888;10240;10228
784;6408265000;6387888888;6887888888;10240;10228
785;6408271000;6387888888;6887888888;10240;10228
786;6408275000;6387888888;6887888888;10240;10228
787;6408280000;6387888888;6887888888;10240;10228
788;6408284000;6387888888;6887888888;10240;10228
789;6408288000;6387888888;6887888888;10240;10228
790;6408292000;6387888888;6887888888;10240;10228
791;6408305000;6387944444;6887944444;10240;10228
792;6449912000;6388266666;6888266666;10240;10228
793;6449923000;6388266666;6888266666;10240;10228
794;6449929000;6388266666;6888266666;10240;10228
795;6449933000;6429566666;6929566666;10240;10228
796;6449938000;6429566666;6929566666;10240;10228
797;6449943000;6429566666;6929566666;10240;10228
798;6449948000;6429566666;6929566666;10240;10228
799;6449952000;6429566666;6929566666;10240;10228
800;6449958000;6429566666;6929566666;10240;10228
801;6449961000;6429566666;6929566666;10240;10228
802;6449968000;6429611111;6929611111;10240;10228
803;6491649000;6429933333;6929933333;10240;10228
804;6491678000;6429933333;6929933333;10240;10228
805;6491687000;6429933333;6929933333;10240;10228
806;6491692000;6471222222;6971222222;10240;10228
807;6491710000;6471222222;6971222222;10240;10228
808;6491715000;6471222222;6971222222;10240;10228
809;6491720000;6471222222;6971222222;10240;10228
810;6491724000;6471222222;6971222222;10240;10228
811;6491729000;6471222222;6971222222;10240;10228
812;6491733000;6471222222;6971222222;10240;10228
813;6491739000;6471277777;6971277777;10240;10228
814;6533252000;6471600000;6971600000;10240;10228
815;6533265000;6471600000;6971600000;10240;10228
816;6533269000;6471600000;6971600000;10240;10228
817;6533274000;6512888888;7012888888;10240;10228
818;6533279000;6512888888;7012888888;10240;10228
819;6533283000;6512888888;7012888888;10240;10228
820;6533289000;6512888888;7012888888;10240;10228
821;6533293000;6512888888;7012888888;10240;10228
822;6533298000;6512888888;7012888888;10240;10228
823;6533303000;6512888888;7012888888;10240;10228
824;6533317000;6512944444;7012944444;10240;10228
825;6574916000;6513266666;7013266666;10240;10228
826;6574929000;6513266666;7013266666;10240;10228
827;6574933000;6513266666;7013266666;10240;10228
828;6574941000;6554555555;7054555555;10240;10228
829;6574947000;6554555555;7054555555;10240;10228
830;6574952000;6554555555;7054555555;10240;10228
831;6574957000;6554555555;7054555555;10240;10228
832;6574961000;6554555555;7054555555;10240;10228
833;6574966000;6554555555;7054555555;10240;10228
834;6574970000;6554555555;7054555555;10240;10228
835;6574974000;6554611111;7054611111;10240;10228
836;6616576000;6554888888;7054888888;10240;10228
837;6616588000;6554888888;7054888888;10240;10228
838;6616602000;6554888888;7054888888;10240;10228
839;6616607000;6596222222;7096222222;10240;10228
840;6616612000;6596222222;7096222222;10240;10228
841;6616617000;6596222222;7096222222;10240;10228
842;6616620000;6596222222;7096222222;10240;10228
843;6616625000;6596222222;7096222222;10240;10228
844;6616639000;6596222222;7096222222;10240;10228
845;6616643000;6596222222;7096222222;10240;10228
846;6616646000;6596277777;7096277777;10240;10228
847;6658218000;6596588888;7096588888;10240;10228
848;6658230000;6596588888;7096588888;10240;10228
849;6658235000;6596588888;7096588888;10240;10228
850;6658242000;6637888888;7137888888;10240;10228
851;6658247000;6637888888;7137888888;10240;10228
852;6658252000;6637888888;7137888888;10240;10228
853;6658257000;6637888888;7137888888;10240;10228
854;6658265000;6637888888;7137888888;10240;10228
855;6658269000;6637888888;7137888888;10240;10228
856;6658274000;6637888888;7137888888;10240;10228
857;6658277000;6637944444;7137944444;10240;10228
858;6699918000;6638288888;7138288888;10240;10228
859;6699929000;6638288888;7138288888;10240;10228
860;6699934000;6638288888;7138288888;10240;10228
861;6699939000;6679555555;7179555555;10240;10228
862;6699943000;6679555555;7179555555;10240;10228
863;6699950000;6679555555;7179555555;10240;10228
864;6699954000;6679555555;7179555555;10240;10228
865;6699959000;6679555555;7179555555;10240;10228
866;6699963000;6679555555;7179555555;10240;10228
867;6699968000;6679555555;7179555555;10240;10228
868;6699972000;6679611111;7179611111;10240;10228
869;6741564000;6679911111;7179911111;10240;10228
870;6741576000;6679911111;7179911111;10240;10228
871;6741581000;6679911111;7179911111;10240;10228
872;6741592000;6721222222;7221222222;10240;10228
873;6741600000;6721222222;7221222222;10240;10228
874;6741606000;6721222222;7221222222;10240;10228
875;6741610000;6721222222;7221222222;10240;10228
876;6741615000;6721222222;7221222222;10240;10228
877;6741619000;6721222222;7221222222;10240;10228
878;6741624000;6721222222;7221222222;10240;10228
879;6741637000;6721277777;7221277777;10240;10228
880;6783261000;6721588888;7221588888;10240;10228
881;6783272000;6721588888;7221588888;10240;10228
882;6783277000;6721588888;7221588888;10240;10228
883;6783281000;6762900000;7262900000;10240;10228
884;6783290000;6762900000;7262900000;10240;10228
885;6783295000;6762900000;7262900000;10240;10228
886;6783300000;6762900000;7262900000;10240;10228
887;6783305000;6762900000;7262900000;10240;10228
888;6783310000;6762900000;7262900000;10240;10228
889;6783315000;6762900000;7262900000;10240;10228
890;6783319000;6762944444;7262944444;10240;10228
891;6824893000;6763266666;7263266666;10240;10228
892;6824904000;6763266666;7263266666;10240;10228
893;6824911000;6763266666;7263266666;10240;10228
894;6824915000;6804566666;7304566666;10240;10228
895;6824922000;6804566666;7304566666;10240;10228
896;6824927000;6804566666;7304566666;10240;10228
897;6824931000;6804566666;7304566666;10240;10228
898;6824936000;6804566666;7304566666;10240;10228
899;6824940000;6804566666;7304566666;10240;10228
900;6824945000;6804566666;7304566666;10240;10228
901;6824949000;6804611111;7304611111;10240;10228
902;6866589000;6804888888;7304888888;10240;10228
903;6866599000;6804888888;7304888888;10240;10228
904;6866606000;6804888888;7304888888;10240;10228
905;6866611000;6846244444;7346244444;10240;10228
906;6866616000;6846244444;7346244444;10240;10228
907;6866621000;6846244444;7346244444;10240;10228
908;6866626000;6846244444;7346244444;10240;10228
909;6866630000;6846244444;7346244444;10240;10228
910;6866635000;6846244444;7346244444;10240;10228
911;6866640000;6846244444;7346244444;10240;10228
912;6866644000;6846300000;7346300000;10240;10228
913;6908242000;6846611111;7346611111;10240;10228
914;6908254000;6846611111;7346611111;10240;10228
915;6908260000;6846611111;7346611111;10240;10228
916;6908268000;6887888888;7387888888;10240;10228
917;6908277000;6887888888;7387888888;10240;10228
918;6908281000;6887888888;7387888888;10240;10228
919;6908286000;6887888888;7387888888;10240;10228
920;6908290000;6887888888;7387888888;10240;10228
921;6908302000;6887888888;7387888888;10240;10228
922;6908306000;6887888888;7387888888;10240;10228
923;6908310000;6887944444;7387944444;10240;10228
924;6949887000;6888277777;7388277777;10240;10228
925;6949897000;6888277777;7388277777;10240;10228
926;6949903000;6888277777;7388277777;10240;10228
927;6949908000;6929555555;7429555555;10240;10228
928;6949913000;6929555555;7429555555;10240;10228
929;6949917000;6929555555;7429555555;10240;10228
930;6949922000;6929555555;7429555555;10240;10228
931;6949926000;6929555555;7429555555;10240;10228
932;6949934000;6929555555;7429555555;10240;10228
933;6949939000;6929555555;7429555555;10240;10228
934;6949943000;6929611111;7429611111;10240;10228
935;6991573000;6929888888;7429888888;10240;10228
936;6991583000;6929888888;7429888888;10240;10228
937;6991589000;6929888888;7429888888;10240;10228
938;6991593000;6971222222;7471222222;10240;10228
939;6991600000;6971222222;7471222222;10240;10228
940;6991608000;6971222222;7471222222;10240;10228
941;6991613000;6971222222;7471222222;10240;10228
942;6991617000;6971222222;7471222222;10240;10228
943;6991622000;6971222222;7471222222;10240;10228
944;6991628000;6971222222;7471222222;10240;10228
945;6991633000;6971277777;7471277777;10240;10228
946;7033239000;6971600000;7471600000;10240;10228
947;7033250000;6971600000;7471600000;10240;10228
948;7033255000;6971600000;7471600000;10240;10228
949;7033264000;7012888888;7512888888;10240;10228
950;7033269000;7012888888;7512888888;10240;10228
951;7033273000;7012888888;7512888888;10240;10228
952;7033278000;7012888888;7512888888;10240;10228
953;7033283000;7012888888;7512888888;10240;10228
954;7033289000;7012888888;7512888888;10240;10228
955;7033293000;7012888888;7512888888;10240;10228
956;7033298000;7012944444;7512944444;10240;10228
957;7074908000;7013277777;7513277777;10240;10228
958;7074920000;7013277777;7513277777;10240;10228
959;7074930000;7013277777;7513277777;10240;10228
960;7074936000;7054555555;7554555555;10240;10228
961;7074943000;7054555555;7554555555;10240;10228
962;7074950000;7054555555;7554555555;10240;10228
963;7074954000;7054555555;7554555555;10240;10228
964;7074959000;7054555555;7554555555;10240;10228
965;7074963000;7054555555;7554555555;10240;10228
966;7074967000;7054555555;7554555555;10240;10228
967;7074971000;7054611111;7554611111;10240;10228
968;7116603000;7054911111;7554911111;10240;10228
969;7116615000;7054911111;7554911111;10240;10228
970;7116620000;7054911111;7554911111;10240;10228
971;7116625000;7096222222;7596222222;10240;10228
972;7116629000;7096222222;7596222222;10240;10228
973;7116634000;7096222222;7596222222;10240;10228
974;7116638000;7096222222;7596222222;10240;10228
975;7116643000;7096222222;7596222222;10240;10228
976;7116647000;7096222222;7596222222;10240;10228
977;7116651000;7096222222;7596222222;10240;10228
978;7116656000;7096277777;7596277777;10240;10228
979;7158217000;7096577777;7596577777;10240;10228
980;7158229000;7096577777;7596577777;10240;10228
981;7158233000;7096577777;7596577777;10240;10228
982;7158238000;7137888888;7637888888;10240;10228
983;7158242000;7137888888;7637888888;10240;10228
984;7158250000;7137888888;7637888888;10240;10228
985;7158254000;7137888888;7637888888;10240;10228
986;7158258000;7137888888;7637888888;10240;10228
987;7158262000;7137888888;7637888888;10240;10228
988;7158266000;7137888888;7637888888;10240;10228
989;7158270000;7137944444;7637944444;10240;10228
990;7199884000;7138255555;7638255555;10240;10228
991;7199896000;7138255555;7638255555;10240;10228
992;7199900000;7138255555;7638255555;10240;10228
993;7199905000;7179555555;7679555555;10240;10228
994;7199909000;7179555555;7679555555;10240;10228
995;7199915000;7179555555;7679555555;10240;10228
996;7199918000;7179555555;7679555555;10240;10228
997;7199923000;7179555555;7679555555;10240;10228
998;7199927000;7179555555;7679555555;10240;10228
999;7199931000;7179555555;7679555555;10240;10228
1000;7199934000;7179611111;7679611111;10240;10228
1001;7241572000;7179900000;7679900000;10240;10228
1002;7241583000;7179900000;7679900000;10240;10228
1003;7241592000;7179900000;7679900000;10240;10228
1004;7241598000;7221222222;7721222222;10240;10228
1005;7241612000;7221222222;7721222222;10240;10228
1006;7241617000;7221222222;7721222222;10240;10228
1007;7241624000;7221222222;7721222222;10240;10228
1008;7241628000;7221222222;7721222222;10240;10228
1009;7241632000;7221222222;7721222222;10240;10228
1010;7241635000;7221222222;7721222222;10240;10228
1011;7241648000;7221277777;7721277777;10240;10228
1012;7283242000;7221600000;7721600000;10240;10228
1013;7283253000;7221600000;7721600000;10240;10228
1014;7283258000;7221600000;7721600000;10240;10228
1015;7283264000;7262888888;7762888888;10240;10228
1016;7283268000;7262888888;7762888888;10240;10228
1017;7283272000;7262888888;7762888888;10240;10228
1018;7283276000;7262888888;7762888888;10240;10228
1019;7283281000;7262888888;7762888888;10240;10228
1020;7283285000;7262888888;7762888888;10240;10228
1021;7283289000;7262888888;7762888888;10240;10228
1022;7283293000;7262944444;7762944444;10240;10228
1023;7324886000;7263277777;7763277777;10240;10228
1024;7324898000;7263277777;7763277777;10240;10228
1025;7324903000;7263277777;7763277777;10240;10228
1026;7324909000;7304555555;7804555555;10240;10228
1027;7324914000;7304555555;7804555555;10240;10228
1028;7324919000;7304555555;7804555555;10240;10228
1029;7324923000;7304555555;7804555555;10240;10228
1030;7324930000;7304555555;7804555555;10240;10228
1031;7324934000;7304555555;7804555555;10240;10228
1032;7324939000;7304555555;7804555555;10240;10228
1033;7324943000;7304611111;7804611111;10240;10228
1034;7366593000;7304888888;7804888888;10240;10228
1035;7366604000;7304888888;7804888888;10240;10228
1036;7366609000;7304888888;7804888888;10240;10228
1037;7366618000;7346222222;7846222222;10240;10228
1038;7366623000;7346222222;7846222222;10240;10228
1039;7366628000;7346222222;7846222222;10240;10228
1040;7366632000;7346222222;7846222222;10240;10228
1041;7366637000;7346222222;7846222222;10240;10228
1042;7366641000;7346222222;7846222222;10240;10228
1043;7366646000;7346222222;7846222222;10240;10228
1044;7366649000;7346277777;7846277777;10240;10228
1045;7408236000;7346600000;7846600000;10240;10228
1046;7408247000;7346600000;7846600000;10240;10228
1047;7408252000;7346600000;7846600000;10240;10228
1048;7408257000;7387888888;7887888888;10240;10228
1049;7408262000;7387888888;7887888888;10240;10228
1050;7408266000;7387888888;7887888888;10240;10228
1051;7408270000;7387888888;7887888888;10240;10228
1052;7408278000;7387888888;7887888888;10240;10228
1053;7408282000;7387888888;7887888888;10240;10228
1054;7408287000;7387888888;7887888888;10240;10228
1055;7408291000;7387944444;7887944444;10240;10228
1056;7449911000;7388255555;7888255555;10240;10228
1057;7449920000;7388255555;7888255555;10240;10228
1058;7449926000;7388255555;7888255555;10240;10228
1059;7449930000;7429555555;7929555555;10240;10228
1060;7449938000;7429555555;7929555555;10240;10228
1061;7449942000;7429555555;7929555555;10240;10228
1062;7449951000;7429555555;7929555555;10240;10228
1063;7449956000;7429555555;7929555555;10240;10228
1064;7449960000;7429555555;7929555555;10240;10228
1065;7449965000;7429555555;7929555555;10240;10228
1066;7449969000;7429611111;7929611111;10240;10228
1067;7491596000;7429877777;7929877777;10240;10228
1068;7491607000;7429877777;7929877777;10240;10228
1069;7491612000;7429877777;7929877777;10240;10228
1070;7491617000;7471222222;7971222222;10240;10228
1071;7491622000;7471222222;7971222222;10240;10228
1072;7491626000;7471222222;7971222222;10240;10228
1074;7491633000;7471222222;7971222222;10240;10228
1075;7491648000;7471222222;7971222222;10240;10228
1076;7491654000;7471222222;7971222222;10240;10228
1077;7491659000;7471277777;7971277777;10240;10228
1073;7532301000;7471222222;7971222222;10240;10228
1078;7533183000;7471577777;7971577777;10240;10228
1079;7533189000;7471577777;7971577777;10240;10228
1080;7533200000;7471577777;7971577777;10240;10228
1081;7533205000;7512888888;8012888888;10240;10228
1082;7533210000;7512888888;8012888888;10240;10228
1083;7533214000;7512888888;8012888888;10240;10228
1084;7533219000;7512888888;8012888888;10240;10228
1085;7533222000;7512888888;8012888888;10240;10228
1086;7533228000;7512888888;8012888888;10240;10228
1087;7533239000;7512888888;8012888888;10240;10228
1088;7533243000;7512944444;8012944444;10240;10228
1089;7574959000;7513244444;8013244444;10240;10228
1090;7574972000;7513244444;8013244444;10240;10228
1091;7574977000;7513244444;8013244444;10240;10228
1092;7574981000;7554588888;8054588888;10240;10228
1093;7574987000;7554588888;8054588888;10240;10228
1094;7574991000;7554588888;8054588888;10240;10228
1095;7574998000;7554588888;8054588888;10240;10228
1096;7575005000;7554588888;8054588888;10240;10228
1097;7575010000;7554588888;8054588888;10240;10228
1098;7575014000;7554588888;8054588888;10240;10228
1099;7575018000;7554633333;8054633333;10240;10228
1100;7616566000;7554900000;8054900000;10240;10228
1101;7616578000;7554900000;8054900000;10240;10228
1102;7616582000;7554900000;8054900000;10240;10228
1103;7616587000;7596222222;8096222222;10240;10228
1104;7616592000;7596222222;8096222222;10240;10228
1105;7616595000;7596222222;8096222222;10240;10228
1106;7616601000;7596222222;8096222222;10240;10228
1107;7616605000;7596222222;8096222222;10240;10228
1108;7616614000;7596222222;8096222222;10240;10228
1109;7616618000;7596222222;8096222222;10240;10228
1110;7616622000;7596277777;8096277777;10240;10228
1111;7658259000;7596566666;8096566666;10240;10228
1112;7658271000;7596566666;8096566666;10240;10228
1113;7658276000;7596566666;8096566666;10240;10228
1114;7658282000;7637900000;8137900000;10240;10228
1115;7658290000;7637900000;8137900000;10240;10228
1116;7658295000;7637900000;8137900000;10240;10228
1117;7658300000;7637900000;8137900000;10240;10228
1118;7658305000;7637900000;8137900000;10240;10228
1119;7658312000;7637900000;8137900000;10240;10228
1120;7658316000;7637900000;8137900000;10240;10228
1121;7658321000;7637944444;8137944444;10240;10228
1122;7699918000;7638266666;8138266666;10240;10228
1123;7699930000;7638266666;8138266666;10240;10228
1124;7699938000;7638266666;8138266666;10240;10228
1125;7699942000;7679555555;8179555555;10240;10228
1126;7699947000;7679555555;8179555555;10240;10228
1127;7699951000;7679555555;8179555555;10240;10228
1128;7699961000;7679555555;8179555555;10240;10228
1129;7699965000;7679555555;8179555555;10240;10228
1130;7699970000;7679555555;8179555555;10240;10228
1131;7699974000;7679555555;8179555555;10240;10228
1132;7699978000;7679611111;8179611111;10240;10228
1133;7741562000;7679900000;8179900000;10240;10228
1134;7741574000;7679900000;8179900000;10240;10228
1135;7741579000;7679900000;8179900000;10240;10228
1136;7741585000;7721222222;8221222222;10240;10228
1137;7741589000;7721222222;8221222222;10240;10228
1138;7741593000;7721222222;8221222222;10240;10228
1139;7741597000;7721222222;8221222222;10240;10228
1140;7741601000;7721222222;8221222222;10240;10228
1141;7741608000;7721222222;8221222222;10240;10228
1142;7741612000;7721222222;8221222222;10240;10228
1143;7741615000;7721277777;8221277777;10240;10228
1144;7783258000;7721577777;8221577777;10240;10228
1145;7783270000;7721577777;8221577777;10240;10228
1146;7783275000;7721577777;8221577777;10240;10228
1147;7783281000;7762900000;8262900000;10240;10228
1148;7783285000;7762900000;8262900000;10240;10228
1149;7783291000;7762900000;8262900000;10240;10228
1150;7783299000;7762900000;8262900000;10240;10228
1151;7783303000;7762900000;8262900000;10240;10228
1152;7783307000;7762900000;8262900000;10240;10228
1153;7783311000;7762900000;8262900000;10240;10228
1154;7783316000;7762944444;8262944444;10240;10228
1155;7824894000;7763255555;8263255555;10240;10228
1156;7824907000;7763255555;8263255555;10240;10228
1157;7824912000;7763255555;8263255555;10240;10228
1158;7824918000;7804555555;8304555555;10240;10228
1159;7824922000;7804555555;8304555555;10240;10228
1160;7824927000;7804555555;8304555555;10240;10228
1161;7824931000;7804555555;8304555555;10240;10228
1162;7824936000;7804555555;8304555555;10240;10228
1163;7824940000;7804555555;8304555555;10240;10228
1164;7824947000;7804555555;8304555555;10240;10228
1165;7824954000;7804611111;8304611111;10240;10228
1166;7866572000;7804855555;8304855555;10240;10228
1167;7866584000;7804855555;8304855555;10240;10228
1168;7866590000;7804855555;8304855555;10240;10228
1169;7866604000;7846222222;8346222222;10240;10228
1170;7866609000;7846222222;8346222222;10240;10228
1171;7866614000;7846222222;8346222222;10240;10228
1172;7866618000;7846222222;8346222222;10240;10228
1173;7866623000;7846222222;8346222222;10240;10228
1174;7866627000;7846222222;8346222222;10240;10228
1175;7866632000;7846222222;8346222222;10240;10228
1176;7866635000;7846277777;8346277777;10240;10228
1177;7908240000;7846566666;8346566666;10240;10228
1178;7908251000;7846566666;8346566666;10240;10228
1179;7908257000;7846566666;8346566666;10240;10228
1181;7908263000;7887888888;8387888888;10240;10228
1182;7908275000;7887888888;8387888888;10240;10228
1183;7908283000;7887888888;8387888888;10240;10228
1184;7908287000;7887888888;8387888888;10240;10228
1185;7908296000;7887888888;8387888888;10240;10228
1186;7908301000;7887888888;8387888888;10240;10228
1187;7908312000;7887944444;8387944444;10240;10228
1180;7948943000;7887888888;8387888888;10240;10228
1188;7949873000;7888255555;8388255555;10240;10228
1189;7949879000;7888255555;8388255555;10240;10228
1190;7949891000;7888255555;8388255555;10240;10228
1191;7949895000;7929555555;8429555555;10240;10228
1192;7949900000;7929555555;8429555555;10240;10228
1193;7949905000;7929555555;8429555555;10240;10228
1194;7949909000;7929555555;8429555555;10240;10228
1195;7949913000;7929555555;8429555555;10240;10228
1196;7949918000;7929555555;8429555555;10240;10228
1197;7949928000;7929555555;8429555555;10240;10228
1198;7949932000;7929611111;8429611111;10240;10228
1199;7991604000;7929877777;8429877777;10240;10228
1200;7991615000;7929877777;8429877777;10240;10228
1201;7991620000;7929877777;8429877777;10240;10228
1202;7991624000;7971255555;8471255555;10240;10228
1203;7991632000;7971255555;8471255555;10240;10228
1204;7991636000;7971255555;8471255555;10240;10228
1205;7991641000;7971255555;8471255555;10240;10228
1206;7991646000;7971255555;8471255555;10240;10228
1207;7991649000;7971255555;8471255555;10240;10228
1208;7991655000;7971255555;8471255555;10240;10228
1209;7991661000;7971300000;8471300000;10240;10228
1210;8033219000;7971611111;8471611111;10240;10228
1211;8033229000;7971611111;8471611111;10240;10228
1212;8033234000;7971611111;8471611111;10240;10228
1213;8033238000;8012900000;8512900000;10240;10228
1214;8033248000;8012900000;8512900000;10240;10228
1215;8033253000;8012900000;8512900000;10240;10228
1216;8033258000;8012900000;8512900000;10240;10228
1217;8033262000;8012900000;8512900000;10240;10228
1218;8033267000;8012900000;8512900000;10240;10228
1219;8033271000;8012900000;8512900000;10240;10228
1220;8033275000;8012944444;8512944444;10240;10228
1221;8074927000;8013277777;8513277777;10240;10228
1222;8074937000;8013277777;8513277777;10240;10228
1223;8074942000;8013277777;8513277777;10240;10228
1224;8074947000;8054555555;8554555555;10240;10228
1225;8074952000;8054555555;8554555555;10240;10228
1226;8074956000;8054555555;8554555555;10240;10228
1227;8074961000;8054555555;8554555555;10240;10228
1228;8074966000;8054555555;8554555555;10240;10228
1229;8074970000;8054555555;8554555555;10240;10228
1230;8074974000;8054555555;8554555555;10240;10228
1231;8074978000;8054611111;8554611111;10240;10228
1232;8116568000;8054900000;8554900000;10240;10228
1233;8116583000;8054900000;8554900000;10240;10228
1234;8116589000;8054900000;8554900000;10240;10228
1235;8116593000;8096222222;8596222222;10240;10228
1236;8116598000;8096222222;8596222222;10240;10228
1237;8116603000;8096222222;8596222222;10240;10228
1238;8116608000;8096222222;8596222222;10240;10228
1239;8116613000;8096222222;8596222222;10240;10228
1240;8116618000;8096222222;8596222222;10240;10228
1241;8116622000;8096222222;8596222222;10240;10228
1242;8116636000;8096277777;8596277777;10240;10228
1243;8158259000;8096555555;8596555555;10240;10228
1244;8158270000;8096555555;8596555555;10240;10228
1245;8158276000;8096555555;8596555555;10240;10228
1246;8158280000;8137900000;8637900000;10240;10228
1247;8158292000;8137900000;8637900000;10240;10228
1248;8158297000;8137900000;8637900000;10240;10228
1249;8158302000;8137900000;8637900000;10240;10228
1250;8158314000;8137900000;8637900000;10240;10228
1251;8158319000;8137900000;8637900000;10240;10228
1252;8158332000;8137900000;8637900000;10240;10228
1253;8158338000;8137944444;8637944444;10240;10228
1254;8199905000;8138244444;8638244444;10240;10228
1255;8199917000;8138244444;8638244444;10240;10228
1256;8199923000;8138244444;8638244444;10240;10228
1257;8199927000;8179555555;8679555555;10240;10228
1258;8199933000;8179555555;8679555555;10240;10228
1259;8199937000;8179555555;8679555555;10240;10228
1260;8199942000;8179555555;8679555555;10240;10228
1261;8199946000;8179555555;8679555555;10240;10228
1262;8199954000;8179555555;8679555555;10240;10228
1263;8199959000;8179555555;8679555555;10240;10228
1264;8199968000;8179611111;8679611111;10240;10228
1265;8241552000;8179888888;8679888888;10240;10228
1266;8241564000;8179888888;8679888888;10240;10228
1267;8241569000;8179888888;8679888888;10240;10228
1268;8241574000;8221222222;8721222222;10240;10228
1269;8241579000;8221222222;8721222222;10240;10228
1270;8241583000;8221222222;8721222222;10240;10228
1271;8241588000;8221222222;8721222222;10240;10228
1272;8241597000;8221222222;8721222222;10240;10228
1273;8241603000;8221222222;8721222222;10240;10228
1274;8241607000;8221222222;8721222222;10240;10228
1275;8241614000;8221277777;8721277777;10240;10228
1276;8283237000;8221577777;8721577777;10240;10228
1277;8283251000;8221577777;8721577777;10240;10228
1278;8283256000;8221577777;8721577777;10240;10228
1279;8283261000;8262900000;8762900000;10240;10228
1280;8283265000;8262900000;8762900000;10240;10228
1281;8283269000;8262900000;8762900000;10240;10228
1282;8283274000;8262900000;8762900000;10240;10228
1283;8283278000;8262900000;8762900000;10240;10228
1284;8283287000;8262900000;8762900000;10240;10228
1285;8283291000;8262900000;8762900000;10240;10228
1286;8283296000;8262944444;8762944444;10240;10228
1287;8324907000;8263266666;8763266666;10240;10228
1288;8324920000;8263266666;8763266666;10240;10228
1289;8324926000;8263266666;8763266666;10240;10228
1290;8324935000;8304555555;8804555555;10240;10228
1291;8324941000;8304555555;8804555555;10240;10228
1292;8324946000;8304555555;8804555555;10240;10228
1293;8324954000;8304555555;8804555555;10240;10228
1294;8324958000;8304555555;8804555555;10240;10228
1295;8324964000;8304555555;8804555555;10240;10228
1296;8324968000;8304555555;8804555555;10240;10228
1297;8324972000;8304611111;8804611111;10240;10228
1298;8366575000;8304877777;8804877777;10240;10228
1299;8366587000;8304877777;8804877777;10240;10228
1300;8366593000;8304877777;8804877777;10240;10228
1301;8366598000;8346222222;8846222222;10240;10228
1302;8366602000;8346222222;8846222222;10240;10228
1303;8366607000;8346222222;8846222222;10240;10228
1304;8366611000;8346222222;8846222222;10240;10228
1305;8366615000;8346222222;8846222222;10240;10228
1306;8366619000;8346222222;8846222222;10240;10228
1307;8366623000;8346222222;8846222222;10240;10228
1308;8366627000;8346277777;8846277777;10240;10228
1309;8408238000;8346588888;8846588888;10240;10228
1310;8408250000;8346588888;8846588888;10240;10228
1311;8408255000;8346588888;8846588888;10240;10228
1312;8408261000;8387888888;8887888888;10240;10228
1313;8408265000;8387888888;8887888888;10240;10228
1314;8408270000;8387888888;8887888888;10240;10228
1315;8408274000;8387888888;8887888888;10240;10228
1316;8408279000;8387888888;8887888888;10240;10228
1317;8408283000;8387888888;8887888888;10240;10228
1318;8408287000;8387888888;8887888888;10240;10228
1319;8408292000;8387944444;8887944444;10240;10228
1320;8449704000;8388266666;8888266666;10240;10228
1321;8449718000;8388266666;8888266666;10240;10228
1322;8449723000;8388266666;8888266666;10240;10228
1323;8449728000;8429555555;8929555555;10240;10228
1324;8449732000;8429555555;8929555555;10240;10228
1325;8449742000;8429555555;8929555555;10240;10228
1326;8449747000;8429555555;8929555555;10240;10228
1327;8449755000;8429555555;8929555555;10240;10228
1328;8449760000;8429555555;8929555555;10240;10228
1329;8449765000;8429555555;8929555555;10240;10228
1330;8449822000;8429611111;8929611111;10240;10228
1331;8491375000;8429900000;8929900000;10240;10228
1332;8491399000;8429900000;8929900000;10240;10228
1333;8491404000;8429900000;8929900000;10240;10228
1334;8491409000;8471222222;8971222222;10240;10228
1335;8491414000;8471222222;8971222222;10240;10228
1336;8491420000;8471222222;8971222222;10240;10228
1337;8491425000;8471222222;8971222222;10240;10228
1338;8491431000;8471222222;8971222222;10240;10228
1339;8491436000;8471222222;8971222222;10240;10228
1340;8491440000;8471222222;8971222222;10240;10228
1341;8491503000;8471277777;8971277777;10240;10228
1342;8532996000;8471611111;8971611111;10240;10228
1343;8533008000;8471611111;8971611111;10240;10228
1344;8533032000;8471611111;8971611111;10240;10228
1345;8533037000;8512888888;9012888888;10240;10228
1346;8533049000;8512888888;9012888888;10240;10228
1347;8533059000;8512888888;9012888888;10240;10228
1348;8533090000;8512888888;9012888888;10240;10228
1349;8533096000;8512888888;9012888888;10240;10228
1350;8533100000;8512888888;9012888888;10240;10228
1351;8533105000;8512888888;9012888888;10240;10228
1352;8533110000;8512944444;9012944444;10240;10228
1353;8574703000;8513244444;9013244444;10240;10228
1354;8574713000;8513244444;9013244444;10240;10228
1355;8574718000;8513244444;9013244444;10240;10228
1356;8574722000;8554555555;9054555555;10240;10228
1357;8574726000;8554555555;9054555555;10240;10228
1358;8574781000;8554555555;9054555555;10240;10228
1359;8574787000;8554555555;9054555555;10240;10228
1360;8574791000;8554555555;9054555555;10240;10228
1361;8574795000;8554555555;9054555555;10240;10228
1362;8574801000;8554555555;9054555555;10240;10228
1363;8574811000;8554611111;9054611111;10240;10228
1364;8616374000;8554877777;9054877777;10240;10228
1365;8616390000;8554877777;9054877777;10240;10228
1366;8616395000;8554877777;9054877777;10240;10228
1367;8616399000;8596222222;9096222222;10240;10228
1368;8616405000;8596222222;9096222222;10240;10228
1369;8616408000;8596222222;9096222222;10240;10228
1370;8616412000;8596222222;9096222222;10240;10228
1371;8616423000;8596222222;9096222222;10240;10228
1372;8616428000;8596222222;9096222222;10240;10228
1373;8616433000;8596222222;9096222222;10240;10228
1374;8616437000;8596277777;9096277777;10240;10228
1375;8658015000;8596588888;9096588888;10240;10228
1376;8658025000;8596588888;9096588888;10240;10228
1377;8658031000;8596588888;9096588888;10240;10228
1378;8658058000;8637888888;9137888888;10240;10228
1379;8658074000;8637888888;9137888888;10240;10228
1380;8658078000;8637888888;9137888888;10240;10228
1381;8658082000;8637888888;9137888888;10240;10228
1382;8658096000;8637888888;9137888888;10240;10228
1383;8658101000;8637888888;9137888888;10240;10228
1384;8658105000;8637888888;9137888888;10240;10228
1385;8658111000;8637944444;9137944444;10240;10228
1386;8699745000;8638266666;9138266666;10240;10228
1387;8699754000;8638266666;9138266666;10240;10228
1388;8699761000;8638266666;9138266666;10240;10228
1389;8699766000;8679555555;9179555555;10240;10228
1390;8699770000;8679555555;9179555555;10240;10228
1391;8699774000;8679555555;9179555555;10240;10228
1392;8699779000;8679555555;9179555555;10240;10228
1393;8699783000;8679555555;9179555555;10240;10228
1394;8699786000;8679555555;9179555555;10240;10228
1395;8700039000;8679555555;9179555555;10240;10228
1396;8700057000;8679611111;9179611111;10240;10228
1397;8741447000;8679922222;9179922222;10240;10228
1398;8741457000;8679922222;9179922222;10240;10228
1399;8741463000;8679922222;9179922222;10240;10228
1400;8741467000;8721255555;9221255555;10240;10228
1401;8741472000;8721255555;9221255555;10240;10228
1402;8741476000;8721255555;9221255555;10240;10228
1403;8741481000;8721255555;9221255555;10240;10228
1404;8741485000;8721255555;9221255555;10240;10228
1405;8741489000;8721255555;9221255555;10240;10228
1406;8741747000;8721255555;9221255555;10240;10228
1407;8741767000;8721300000;9221300000;10240;10228
1408;8783065000;8721611111;9221611111;10240;10228
1409;8783076000;8721611111;9221611111;10240;10228
1410;8783084000;8721611111;9221611111;10240;10228
1411;8783088000;8762888888;9262888888;10240;10228
1412;8783093000;8762888888;9262888888;10240;10228
1413;8783098000;8762888888;9262888888;10240;10228
1414;8783113000;8762888888;9262888888;10240;10228
1415;8783119000;8762888888;9262888888;10240;10228
1416;8783123000;8762888888;9262888888;10240;10228
1417;8783128000;8762888888;9262888888;10240;10228
1418;8783135000;8762944444;9262944444;10240;10228
1419;8824706000;8763255555;9263255555;10240;10228
1420;8824718000;8763255555;9263255555;10240;10228
1421;8824723000;8763255555;9263255555;10240;10228
1422;8824727000;8804566666;9304566666;10240;10228
1423;8824732000;8804566666;9304566666;10240;10228
1424;8824759000;8804566666;9304566666;10240;10228
1425;8824765000;8804566666;9304566666;10240;10228
1426;8824769000;8804566666;9304566666;10240;10228
1427;8824774000;8804566666;9304566666;10240;10228
1428;8824778000;8804566666;9304566666;10240;10228
1429;8824784000;8804611111;9304611111;10240;10228
1430;8866376000;8804877777;9304877777;10240;10228
1431;8866389000;8804877777;9304877777;10240;10228
1432;8866399000;8804877777;9304877777;10240;10228
1433;8866404000;8846233333;9346233333;10240;10228
1434;8866408000;8846233333;9346233333;10240;10228
1435;8866413000;8846233333;9346233333;10240;10228
1436;8866418000;8846233333;9346233333;10240;10228
1437;8866422000;8846233333;9346233333;10240;10228
1438;8866427000;8846233333;9346233333;10240;10228
1439;8866432000;8846233333;9346233333;10240;10228
1440;8866501000;8846277777;9346277777;10240;10228
1441;8908040000;8846588888;9346588888;10240;10228
1442;8908059000;8846588888;9346588888;10240;10228
1443;8908075000;8846588888;9346588888;10240;10228
1444;8908079000;8887888888;9387888888;10240;10228
1445;8908089000;8887888888;9387888888;10240;10228
1446;8908093000;8887888888;9387888888;10240;10228
1447;8908097000;8887888888;9387888888;10240;10228
1448;8908118000;8887888888;9387888888;10240;10228
1449;8908125000;8887888888;9387888888;10240;10228
1450;8908130000;8887888888;9387888888;10240;10228
1451;8908144000;8887944444;9387944444;10240;10228
1452;8949661000;8888277777;9388277777;10240;10228
1453;8949673000;8888277777;9388277777;10240;10228
1454;8949700000;8888277777;9388277777;10240;10228
1455;8949705000;8929555555;9429555555;10240;10228
1456;8949710000;8929555555;9429555555;10240;10228
1457;8949715000;8929555555;9429555555;10240;10228
1458;8949747000;8929555555;9429555555;10240;10228
1459;8949753000;8929555555;9429555555;10240;10228
1460;8949757000;8929555555;9429555555;10240;10228
1461;8949762000;8929555555;9429555555;10240;10228
1462;8949773000;8929611111;9429611111;10240;10228
1463;8991362000;8929888888;9429888888;10240;10228
1464;8991374000;8929888888;9429888888;10240;10228
1465;8991378000;8929888888;9429888888;10240;10228
1466;8991383000;8971222222;9471222222;10240;10228
1467;8991387000;8971222222;9471222222;10240;10228
1468;8991392000;8971222222;9471222222;10240;10228
1469;8991397000;8971222222;9471222222;10240;10228
1470;8991476000;8971222222;9471222222;10240;10228
1471;8991481000;8971222222;9471222222;10240;10228
1472;8991504000;8971222222;9471222222;10240;10228
1473;8991509000;8971277777;9471277777;10240;10228
1474;9033029000;8971588888;9471588888;10240;10228
1475;9033041000;8971588888;9471588888;10240;10228
1476;9033053000;8971588888;9471588888;10240;10228
1477;9033070000;9012888888;9512888888;10240;10228
1478;9033075000;9012888888;9512888888;10240;10228
1479;9033081000;9012888888;9512888888;10240;10228
1480;9033100000;9012888888;9512888888;10240;10228
1481;9033105000;9012888888;9512888888;10240;10228
1482;9033109000;9012888888;9512888888;10240;10228
1483;9033117000;9012888888;9512888888;10240;10228
1484;9033122000;9012944444;9512944444;10240;10228
1485;9074682000;9013266666;9513266666;10240;10228
1486;9074693000;9013266666;9513266666;10240;10228
1487;9074697000;9013266666;9513266666;10240;10228
1488;9074754000;9054555555;9554555555;10240;10228
1489;9074759000;9054555555;9554555555;10240;10228
1490;9074771000;9054555555;9554555555;10240;10228
1491;9074776000;9054555555;9554555555;10240;10228
1492;9074782000;9054555555;9554555555;10240;10228
1493;9074786000;9054555555;9554555555;10240;10228
1494;9074790000;9054555555;9554555555;10240;10228
1495;9074794000;9054611111;9554611111;10240;10228
1496;9116543000;9054911111;9554911111;10240;10228
1497;9116554000;9054911111;9554911111;10240;10228
1498;9116558000;9054911111;9554911111;10240;10228
1499;9116564000;9096244444;9596244444;10240;10228
1500;9116569000;9096244444;9596244444;10240;10228
1501;9116573000;9096244444;9596244444;10240;10228
1502;9116577000;9096244444;9596244444;10240;10228
1503;9116582000;9096244444;9596244444;10240;10228
1504;9116586000;9096244444;9596244444;10240;10228
1505;9116590000;9096244444;9596244444;10240;10228
1506;9116594000;9096288888;9596288888;10240;10228
1507;9158244000;9096588888;9596588888;10240;10228
1508;9158254000;9096588888;9596588888;10240;10228
1509;9158260000;9096588888;9596588888;10240;10228
1510;9158266000;9137900000;9637900000;10240;10228
1511;9158271000;9137900000;9637900000;10240;10228
1512;9158276000;9137900000;9637900000;10240;10228
1513;9158280000;9137900000;9637900000;10240;10228
1514;9158285000;9137900000;9637900000;10240;10228
1515;9158290000;9137900000;9637900000;10240;10228
1516;9158295000;9137900000;9637900000;10240;10228
1517;9158299000;9137944444;9637944444;10240;10228
1518;9199908000;9138244444;9638244444;10240;10228
1519;9199918000;9138244444;9638244444;10240;10228
1520;9199925000;9138244444;9638244444;10240;10228
1521;9199930000;9179555555;9679555555;10240;10228
1522;9199935000;9179555555;9679555555;10240;10228
1523;9199939000;9179555555;9679555555;10240;10228
1524;9199943000;9179555555;9679555555;10240;10228
1525;9199950000;9179555555;9679555555;10240;10228
1526;9199955000;9179555555;9679555555;10240;10228
1527;9199961000;9179555555;9679555555;10240;10228
1528;9199970000;9179611111;9679611111;10240;10228
1529;9241580000;9179888888;9679888888;10240;10228
1530;9241593000;9179888888;9679888888;10240;10228
1531;9241599000;9179888888;9679888888;10240;10228
1532;9241607000;9221233333;9721233333;10240;10228
1533;9241612000;9221233333;9721233333;10240;10228
1534;9241621000;9221233333;9721233333;10240;10228
1535;9241626000;9221233333;9721233333;10240;10228
1536;9241633000;9221233333;9721233333;10240;10228
1537;9241641000;9221233333;9721233333;10240;10228
1538;9241646000;9221233333;9721233333;10240;10228
1539;9241650000;9221277777;9721277777;10240;10228
1540;9283206000;9221611111;9721611111;10240;10228
1541;9283216000;9221611111;9721611111;10240;10228
1542;9283222000;9221611111;9721611111;10240;10228
1543;9283226000;9262900000;9762900000;10240;10228
1544;9283233000;9262900000;9762900000;10240;10228
1545;9283237000;9262900000;9762900000;10240;10228
1546;9283246000;9262900000;9762900000;10240;10228
1547;9283251000;9262900000;9762900000;10240;10228
1548;9283255000;9262900000;9762900000;10240;10228
1549;9283259000;9262900000;9762900000;10240;10228
1550;9283263000;9262944444;9762944444;10240;10228
1551;9324882000;9263266666;9763266666;10240;10228
1552;9324891000;9263266666;9763266666;10240;10228
1553;9324897000;9263266666;9763266666;10240;10228
1554;9324901000;9304555555;9804555555;10240;10228
1555;9324906000;9304555555;9804555555;10240;10228
1556;9324910000;9304555555;9804555555;10240;10228
1557;9324914000;9304555555;9804555555;10240;10228
1558;9324918000;9304555555;9804555555;10240;10228
1559;9324926000;9304555555;9804555555;10240;10228
1560;9324931000;9304555555;9804555555;10240;10228
1561;9324935000;9304600000;9804600000;10240;10228
1562;9366584000;9304877777;9804877777;10240;10228
1563;9366596000;9304877777;9804877777;10240;10228
1564;9366603000;9304877777;9804877777;10240;10228
1565;9366607000;9346255555;9846255555;10240;10228
1566;9366613000;9346255555;9846255555;10240;10228
1567;9366617000;9346255555;9846255555;10240;10228
1568;9366622000;9346255555;9846255555;10240;10228
1569;9366626000;9346255555;9846255555;10240;10228
1570;9366632000;9346255555;9846255555;10240;10228
1571;9366637000;9346255555;9846255555;10240;10228
1572;9366641000;9346311111;9846311111;10240;10228
1573;9408231000;9346622222;9846622222;10240;10228
1574;9408242000;9346622222;9846622222;10240;10228
1575;9408247000;9346622222;9846622222;10240;10228
1576;9408252000;9387888888;9887888888;10240;10228
1577;9408260000;9387888888;9887888888;10240;10228
1578;9408273000;9387888888;9887888888;10240;10228
1579;9408278000;9387888888;9887888888;10240;10228
1580;9408283000;9387888888;9887888888;10240;10228
1581;9408288000;9387888888;9887888888;10240;10228
1582;9408292000;9387888888;9887888888;10240;10228
1583;9408297000;9387933333;9887933333;10240;10228
1584;9449923000;9388277777;9888277777;10240;10228
1585;9449935000;9388277777;9888277777;10240;10228
1586;9449940000;9388277777;9888277777;10240;10228
1587;9449944000;9429555555;9929555555;10240;10228
1588;9449951000;9429555555;9929555555;10240;10228
1589;9449956000;9429555555;9929555555;10240;10228
1590;9449962000;9429555555;9929555555;10240;10228
1591;9449966000;9429555555;9929555555;10240;10228
1592;9449971000;9429555555;9929555555;10240;10228
1593;9449975000;9429555555;9929555555;10240;10228
1594;9449979000;9429611111;9929611111;10240;10228
1595;9491590000;9429900000;9929900000;10240;10228
1596;9491607000;9429900000;9929900000;10240;10228
1597;9491616000;9429900000;9929900000;10240;10228
1598;9491625000;9471222222;9971222222;10240;10228
1599;9491630000;9471222222;9971222222;10240;10228
1600;9491635000;9471222222;9971222222;10240;10228
1601;9491640000;9471222222;9971222222;10240;10228
1602;9491645000;9471222222;9971222222;10240;10228
1603;9491650000;9471222222;9971222222;10240;10228
1604;9491654000;9471222222;9971222222;10240;10228
1605;9491668000;9471277777;9971277777;10240;10228
1606;9533242000;9471600000;9971600000;10240;10228
1607;9533254000;9471600000;9971600000;10240;10228
1608;9533260000;9471600000;9971600000;10240;10228
1609;9533266000;9512888888;10012888888;10240;10228
1610;9533278000;9512888888;10012888888;10240;10228
1611;9533283000;9512888888;10012888888;10240;10228
1612;9533287000;9512888888;10012888888;10240;10228
1613;9533291000;9512888888;10012888888;10240;10228
1614;9533296000;9512888888;10012888888;10240;10228
1615;9533300000;9512888888;10012888888;10240;10228
1616;9533304000;9512944444;10012944444;10240;10228
1617;9574908000;9513266666;10013266666;10240;10228
1618;9574921000;9513266666;10013266666;10240;10228
1619;9574925000;9513266666;10013266666;10240;10228
1620;9574930000;9554555555;10054555555;10240;10228
1621;9574935000;9554555555;10054555555;10240;10228
1622;9574940000;9554555555;10054555555;10240;10228
1623;9574944000;9554555555;10054555555;10240;10228
1624;9574949000;9554555555;10054555555;10240;10228
1625;9574953000;9554555555;10054555555;10240;10228
1626;9574957000;9554555555;10054555555;10240;10228
1627;9574962000;9554611111;10054611111;10240;10228
1628;9616571000;9554888888;10054888888;10240;10228
1629;9616583000;9554888888;10054888888;10240;10228
1630;9616587000;9554888888;10054888888;10240;10228
1631;9616592000;9596222222;10096222222;10240;10228
1632;9616597000;9596222222;10096222222;10240;10228
1633;9616603000;9596222222;10096222222;10240;10228
1634;9616607000;9596222222;10096222222;10240;10228
1635;9616611000;9596222222;10096222222;10240;10228
1636;9616615000;9596222222;10096222222;10240;10228
1637;9616620000;9596222222;10096222222;10240;10228
1638;9616624000;9596277777;10096277777;10240;10228
1639;9658241000;9596588888;10096588888;10240;10228
1640;9658253000;9596588888;10096588888;10240;10228
1641;9658259000;9596588888;10096588888;10240;10228
1642;9658268000;9637900000;10137900000;10240;10228
1643;9658273000;9637900000;10137900000;10240;10228
1644;9658283000;9637900000;10137900000;10240;10228
1645;9658287000;9637900000;10137900000;10240;10228
1646;9658292000;9637900000;10137900000;10240;10228
1647;9658296000;9637900000;10137900000;10240;10228
1648;9658302000;9637900000;10137900000;10240;10228
1649;9658306000;9637944444;10137944444;10240;10228
1650;9699917000;9638277777;10138277777;10240;10228
1651;9699928000;9638277777;10138277777;10240;10228
1652;9699933000;9638277777;10138277777;10240;10228
1653;9699943000;9679555555;10179555555;10240;10228
1654;9699948000;9679555555;10179555555;10240;10228
1655;9699952000;9679555555;10179555555;10240;10228
1656;9699958000;9679555555;10179555555;10240;10228
1657;9699963000;9679555555;10179555555;10240;10228
1658;9699966000;9679555555;10179555555;10240;10228
1659;9699979000;9679555555;10179555555;10240;10228
1660;9699982000;9679611111;10179611111;10240;10228
1661;9741599000;9679922222;10179922222;10240;10228
1662;9741608000;9679922222;10179922222;10240;10228
1663;9741613000;9679922222;10179922222;10240;10228
1664;9741620000;9721255555;10221255555;10240;10228
1665;9741625000;9721255555;10221255555;10240;10228
1666;9741630000;9721255555;10221255555;10240;10228
1667;9741634000;9721255555;10221255555;10240;10228
1668;9741638000;9721255555;10221255555;10240;10228
1669;9741642000;9721255555;10221255555;10240;10228
1670;9741646000;9721255555;10221255555;10240;10228
1671;9741651000;9721300000;10221300000;10240;10228
1672;9783259000;9721622222;10221622222;10240;10228
1673;9783269000;9721622222;10221622222;10240;10228
1674;9783275000;9721622222;10221622222;10240;10228
1675;9783279000;9762888888;10262888888;10240;10228
1676;9783288000;9762888888;10262888888;10240;10228
1677;9783293000;9762888888;10262888888;10240;10228
1678;9783299000;9762888888;10262888888;10240;10228
1679;9783304000;9762888888;10262888888;10240;10228
1680;9783308000;9762888888;10262888888;10240;10228
1681;9783313000;9762888888;10262888888;10240;10228
1682;9783317000;9762944444;10262944444;10240;10228
1683;9824873000;9763266666;10263266666;10240;10228
1684;9824883000;9763266666;10263266666;10240;10228
1685;9824889000;9763266666;10263266666;10240;10228
1686;9824893000;9804555555;10304555555;10240;10228
1687;9824898000;9804555555;10304555555;10240;10228
1688;9824903000;9804555555;10304555555;10240;10228
1689;9824907000;9804555555;10304555555;10240;10228
1690;9824911000;9804555555;10304555555;10240;10228
1691;9824915000;9804555555;10304555555;10240;10228
1692;9824921000;9804555555;10304555555;10240;10228
1693;9824925000;9804611111;10304611111;10240;10228
1694;9866552000;9804877777;10304877777;10240;10228
1695;9866567000;9804877777;10304877777;10240;10228
1696;9866574000;9804877777;10304877777;10240;10228
1697;9866578000;9846222222;10346222222;10240;10228
1698;9866583000;9846222222;10346222222;10240;10228
1699;9866587000;9846222222;10346222222;10240;10228
1700;9866593000;9846222222;10346222222;10240;10228
1701;9866599000;9846222222;10346222222;10240;10228
1702;9866603000;9846222222;10346222222;10240;10228
1703;9866607000;9846222222;10346222222;10240;10228
1704;9866611000;9846266666;10346266666;10240;10228
1705;9908245000;9846588888;10346588888;10240;10228
1706;9908256000;9846588888;10346588888;10240;10228
1707;9908262000;9846588888;10346588888;10240;10228
1708;9908266000;9887888888;10387888888;10240;10228
1709;9908274000;9887888888;10387888888;10240;10228
1710;9908278000;9887888888;10387888888;10240;10228
1711;9908283000;9887888888;10387888888;10240;10228
1712;9908288000;9887888888;10387888888;10240;10228
1713;9908293000;9887888888;10387888888;10240;10228
1714;9908298000;9887888888;10387888888;10240;10228
1715;9908307000;9887944444;10387944444;10240;10228
1716;9949887000;9888277777;10388277777;10240;10228
1717;9949899000;9888277777;10388277777;10240;10228
1718;9949905000;9888277777;10388277777;10240;10228
1719;9949910000;9929555555;10429555555;10240;10228
1720;9949915000;9929555555;10429555555;10240;10228
1721;9949919000;9929555555;10429555555;10240;10228
1722;9949931000;9929555555;10429555555;10240;10228
1723;9949936000;9929555555;10429555555;10240;10228
1724;9949941000;9929555555;10429555555;10240;10228
1725;9949945000;9929555555;10429555555;10240;10228
1726;9949950000;9929611111;10429611111;10240;10228
1727;9991618000;9929900000;10429900000;10240;10228
1728;9991629000;9929900000;10429900000;10240;10228
1729;9991634000;9929900000;10429900000;10240;10228
1730;9991638000;9971255555;10471255555;10240;10228
1731;9991644000;9971255555;10471255555;10240;10228
1732;9991649000;9971255555;10471255555;10240;10228
1733;9991654000;9971255555;10471255555;10240;10228
1734;9991658000;9971255555;10471255555;10240;10228
1735;9991665000;9971255555;10471255555;10240;10228
1736;9991669000;9971255555;10471255555;10240;10228
1737;9991674000;9971300000;10471300000;10240;10228
1738;10033241000;9971633333;10471633333;10240;10228
1739;10033261000;9971633333;10471633333;10240;10228
1740;10033266000;9971633333;10471633333;10240;10228
1741;10033271000;10012900000;10512900000;10240;10228
1742;10033275000;10012900000;10512900000;10240;10228
1743;10033279000;10012900000;10512900000;10240;10228
1744;10033285000;10012900000;10512900000;10240;10228
1745;10033293000;10012900000;10512900000;10240;10228
1746;10033298000;10012900000;10512900000;10240;10228
1747;10033302000;10012900000;10512900000;10240;10228
1748;10033306000;10012944444;10512944444;10240;10228
1749;10074880000;10013288888;10513288888;10240;10228
1750;10074892000;10013288888;10513288888;10240;10228
1751;10074900000;10013288888;10513288888;10240;10228
1752;10074905000;10054555555;10554555555;10240;10228
1753;10074910000;10054555555;10554555555;10240;10228
1754;10074915000;10054555555;10554555555;10240;10228
1755;10074918000;10054555555;10554555555;10240;10228
1756;10074922000;10054555555;10554555555;10240;10228
1757;10074927000;10054555555;10554555555;10240;10228
1758;10074931000;10054555555;10554555555;10240;10228
1759;10074940000;10054611111;10554611111;10240;10228
1760;10116571000;10054911111;10554911111;10240;10228
1761;10116583000;10054911111;10554911111;10240;10228
1762;10116589000;10054911111;10554911111;10240;10228
1763;10116594000;10096222222;10596222222;10240;10228
1764;10116598000;10096222222;10596222222;10240;10228
1765;10116602000;10096222222;10596222222;10240;10228
1766;10116606000;10096222222;10596222222;10240;10228
1767;10116616000;10096222222;10596222222;10240;10228
1768;10116621000;10096222222;10596222222;10240;10228
1769;10116625000;10096222222;10596222222;10240;10228
1770;10116629000;10096277777;10596277777;10240;10228
1771;10158233000;10096577777;10596577777;10240;10228
1772;10158245000;10096577777;10596577777;10240;10228
1773;10158253000;10096577777;10596577777;10240;10228
1774;10158259000;10137888888;10637888888;10240;10228
1775;10158263000;10137888888;10637888888;10240;10228
1776;10158268000;10137888888;10637888888;10240;10228
1777;10158272000;10137888888;10637888888;10240;10228
1778;10158276000;10137888888;10637888888;10240;10228
1779;10158281000;10137888888;10637888888;10240;10228
1780;10158286000;10137888888;10637888888;10240;10228
1781;10158297000;10137944444;10637944444;10240;10228
1782;10199881000;10138255555;10638255555;10240;10228
1783;10199893000;10138255555;10638255555;10240;10228
1784;10199898000;10138255555;10638255555;10240;10228
1785;10199903000;10179555555;10679555555;10240;10228
1786;10199907000;10179555555;10679555555;10240;10228
1787;10199912000;10179555555;10679555555;10240;10228
1788;10199916000;10179555555;10679555555;10240;10228
1789;10199921000;10179555555;10679555555;10240;10228
1790;10199926000;10179555555;10679555555;10240;10228
1791;10199931000;10179555555;10679555555;10240;10228
1792;10199935000;10179611111;10679611111;10240;10228
1793;10241549000;10179900000;10679900000;10240;10228
1794;10241561000;10179900000;10679900000;10240;10228
1795;10241565000;10179900000;10679900000;10240;10228
1796;10241570000;10221222222;10721222222;10240;10228
1797;10241574000;10221222222;10721222222;10240;10228
1798;10241579000;10221222222;10721222222;10240;10228
1799;10241583000;10221222222;10721222222;10240;10228
1800;10241587000;10221222222;10721222222;10240;10228
1801;10241591000;10221222222;10721222222;10240;10228
1802;10241595000;10221222222;10721222222;10240;10228
1803;10241600000;10221277777;10721277777;10240;10228
1804;10283255000;10221600000;10721600000;10240;10228
1805;10283266000;10221600000;10721600000;10240;10228
1806;10283275000;10221600000;10721600000;10240;10228
1807;10283280000;10262888888;10762888888;10240;10228
1808;10283285000;10262888888;10762888888;10240;10228
1809;10283290000;10262888888;10762888888;10240;10228
1810;10283295000;10262888888;10762888888;10240;10228
1811;10283301000;10262888888;10762888888;10240;10228
1812;10283304000;10262888888;10762888888;10240;10228
1813;10283311000;10262888888;10762888888;10240;10228
1814;10283315000;10262944444;10762944444;10240;10228
1815;10324885000;10263277777;10763277777;10240;10228
1816;10324895000;10263277777;10763277777;10240;10228
1817;10324907000;10263277777;10763277777;10240;10228
1818;10324911000;10304555555;10804555555;10240;10228
1819;10324915000;10304555555;10804555555;10240;10228
1820;10324921000;10304555555;10804555555;10240;10228
1821;10324928000;10304555555;10804555555;10240;10228
1822;10324932000;10304555555;10804555555;10240;10228
1823;10324938000;10304555555;10804555555;10240;10228
1824;10324942000;10304555555;10804555555;10240;10228
1825;10324946000;10304611111;10804611111;10240;10228
1826;10366573000;10304900000;10804900000;10240;10228
1827;10366582000;10304900000;10804900000;10240;10228
1828;10366589000;10304900000;10804900000;10240;10228
1829;10366593000;10346222222;10846222222;10240;10228
1830;10366597000;10346222222;10846222222;10240;10228
1831;10366601000;10346222222;10846222222;10240;10228
1832;10366609000;10346222222;10846222222;10240;10228
1833;10366615000;10346222222;10846222222;10240;10228
1834;10366622000;10346222222;10846222222;10240;10228
1835;10366628000;10346222222;10846222222;10240;10228
1836;10366632000;10346277777;10846277777;10240;10228
1837;10408242000;10346600000;10846600000;10240;10228
1838;10408254000;10346600000;10846600000;10240;10228
1839;10408259000;10346600000;10846600000;10240;10228
1840;10408264000;10387888888;10887888888;10240;10228
1841;10408269000;10387888888;10887888888;10240;10228
1842;10408273000;10387888888;10887888888;10240;10228
1843;10408279000;10387888888;10887888888;10240;10228
1844;10408283000;10387888888;10887888888;10240;10228
1845;10408287000;10387888888;10887888888;10240;10228
1846;10408293000;10387888888;10887888888;10240;10228
1847;10408297000;10387933333;10887933333;10240;10228
1848;10449912000;10388244444;10888244444;10240;10228
1849;10449923000;10388244444;10888244444;10240;10228
1850;10449929000;10388244444;10888244444;10240;10228
1851;10449933000;10429566666;10929566666;10240;10228
1852;10449942000;10429566666;10929566666;10240;10228
1853;10449947000;10429566666;10929566666;10240;10228
1854;10449952000;10429566666;10929566666;10240;10228
1855;10449956000;10429566666;10929566666;10240;10228
1856;10449960000;10429566666;10929566666;10240;10228
1857;10449966000;10429566666;10929566666;10240;10228
1858;10449970000;10429611111;10929611111;10240;10228
1859;10491555000;10429888888;10929888888;10240;10228
1860;10491567000;10429888888;10929888888;10240;10228
1861;10491572000;10429888888;10929888888;10240;10228
1862;10491580000;10471222222;10971222222;10240;10228
1863;10491587000;10471222222;10971222222;10240;10228
1864;10491591000;10471222222;10971222222;10240;10228
1865;10491596000;10471222222;10971222222;10240;10228
1866;10491601000;10471222222;10971222222;10240;10228
1867;10491606000;10471222222;10971222222;10240;10228
1868;10491612000;10471222222;10971222222;10240;10228
1869;10491620000;10471277777;10971277777;10240;10228
1870;10533240000;10471577777;10971577777;10240;10228
1871;10533251000;10471577777;10971577777;10240;10228
1872;10533257000;10471577777;10971577777;10240;10228
1873;10533261000;10512888888;11012888888;10240;10228
1874;10533268000;10512888888;11012888888;10240;10228
1875;10533272000;10512888888;11012888888;10240;10228
1876;10533280000;10512888888;11012888888;10240;10228
1877;10533285000;10512888888;11012888888;10240;10228
1878;10533291000;10512888888;11012888888;10240;10228
1879;10533297000;10512888888;11012888888;10240;10228
1880;10533302000;10512944444;11012944444;10240;10228
1881;10574925000;10513233333;11013233333;10240;10228
1882;10574937000;10513233333;11013233333;10240;10228
1883;10574942000;10513233333;11013233333;10240;10228
1884;10574947000;10554555555;11054555555;10240;10228
1885;10574952000;10554555555;11054555555;10240;10228
1886;10574957000;10554555555;11054555555;10240;10228
1887;10574962000;10554555555;11054555555;10240;10228
1888;10574967000;10554555555;11054555555;10240;10228
1889;10574972000;10554555555;11054555555;10240;10228
1890;10574977000;10554555555;11054555555;10240;10228
1891;10574982000;10554611111;11054611111;10240;10228
1892;10616571000;10554866666;11054866666;10240;10228
1893;10616582000;10554866666;11054866666;10240;10228
1894;10616595000;10554866666;11054866666;10240;10228
1895;10616604000;10596222222;11096222222;10240;10228
1896;10616609000;10596222222;11096222222;10240;10228
1897;10616613000;10596222222;11096222222;10240;10228
1898;10616618000;10596222222;11096222222;10240;10228
1899;10616623000;10596222222;11096222222;10240;10228
1900;10616627000;10596222222;11096222222;10240;10228
1901;10616632000;10596222222;11096222222;10240;10228
1902;10616646000;10596277777;11096277777;10240;10228
1903;10658213000;10596566666;11096566666;10240;10228
1904;10658224000;10596566666;11096566666;10240;10228
1905;10658230000;10596566666;11096566666;10240;10228
1906;10658234000;10637888888;11137888888;10240;10228
1907;10658238000;10637888888;11137888888;10240;10228
1908;10658242000;10637888888;11137888888;10240;10228
1909;10658250000;10637888888;11137888888;10240;10228
1910;10658254000;10637888888;11137888888;10240;10228
1911;10658263000;10637888888;11137888888;10240;10228
1912;10658268000;10637888888;11137888888;10240;10228
1913;10658274000;10637944444;11137944444;10240;10228
1914;10699922000;10638244444;11138244444;10240;10228
1915;10699934000;10638244444;11138244444;10240;10228
1916;10699938000;10638244444;11138244444;10240;10228
1917;10699944000;10679555555;11179555555;10240;10228
1918;10699951000;10679555555;11179555555;10240;10228
1919;10699955000;10679555555;11179555555;10240;10228
1920;10699959000;10679555555;11179555555;10240;10228
1921;10699963000;10679555555;11179555555;10240;10228
1922;10699968000;10679555555;11179555555;10240;10228
1923;10699972000;10679555555;11179555555;10240;10228
1924;10699978000;10679611111;11179611111;10240;10228
1925;10741573000;10679888888;11179888888;10240;10228
1926;10741585000;10679888888;11179888888;10240;10228
1927;10741589000;10679888888;11179888888;10240;10228
1928;10741594000;10721222222;11221222222;10240;10228
1929;10741598000;10721222222;11221222222;10240;10228
1930;10741604000;10721222222;11221222222;10240;10228
1931;10741608000;10721222222;11221222222;10240;10228
1932;10741612000;10721222222;11221222222;10240;10228
1933;10741619000;10721222222;11221222222;10240;10228
1934;10741624000;10721222222;11221222222;10240;10228
1935;10741628000;10721266666;11221266666;10240;10228
1936;10783273000;10721566666;11221566666;10240;10228
1937;10783285000;10721566666;11221566666;10240;10228
1938;10783290000;10721566666;11221566666;10240;10228
1939;10783295000;10762888888;11262888888;10240;10228
1940;10783299000;10762888888;11262888888;10240;10228
1941;10783304000;10762888888;11262888888;10240;10228
1942;10783308000;10762888888;11262888888;10240;10228
1943;10783313000;10762888888;11262888888;10240;10228
1944;10783317000;10762888888;11262888888;10240;10228
1945;10783321000;10762888888;11262888888;10240;10228
1946;10783325000;10762944444;11262944444;10240;10228
1947;10824883000;10763244444;11263244444;10240;10228
1948;10824897000;10763244444;11263244444;10240;10228
1949;10824902000;10763244444;11263244444;10240;10228
1950;10824910000;10804555555;11304555555;10240;10228
1951;10824914000;10804555555;11304555555;10240;10228
1952;10824920000;10804555555;11304555555;10240;10228
1953;10824924000;10804555555;11304555555;10240;10228
1954;10824929000;10804555555;11304555555;10240;10228
1955;10824936000;10804555555;11304555555;10240;10228
1956;10824941000;10804555555;11304555555;10240;10228
1957;10824945000;10804611111;11304611111;10240;10228
1958;10866565000;10804855555;11304855555;10240;10228
1959;10866576000;10804855555;11304855555;10240;10228
1960;10866581000;10804855555;11304855555;10240;10228
1961;10866587000;10846222222;11346222222;10240;10228
1962;10866593000;10846222222;11346222222;10240;10228
1963;10866598000;10846222222;11346222222;10240;10228
1964;10866603000;10846222222;11346222222;10240;10228
1965;10866608000;10846222222;11346222222;10240;10228
1966;10866612000;10846222222;11346222222;10240;10228
1967;10866617000;10846222222;11346222222;10240;10228
1968;10866621000;10846277777;11346277777;10240;10228
1969;10908256000;10846555555;11346555555;10240;10228
1970;10908268000;10846555555;11346555555;10240;10228
1971;10908281000;10846555555;11346555555;10240;10228
1972;10908286000;10887888888;11387888888;10240;10228
1973;10908291000;10887888888;11387888888;10240;10228
1974;10908296000;10887888888;11387888888;10240;10228
1975;10908302000;10887888888;11387888888;10240;10228
1976;10908307000;10887888888;11387888888;10240;10228
1977;10908311000;10887888888;11387888888;10240;10228
1978;10908315000;10887888888;11387888888;10240;10228
1979;10908328000;10887944444;11387944444;10240;10228
1980;10949910000;10888244444;11388244444;10240;10228
1981;10949920000;10888244444;11388244444;10240;10228
1982;10949926000;10888244444;11388244444;10240;10228
1983;10949931000;10929555555;11429555555;10240;10228
1984;10949935000;10929555555;11429555555;10240;10228
1985;10949940000;10929555555;11429555555;10240;10228
1986;10949945000;10929555555;11429555555;10240;10228
1987;10949949000;10929555555;11429555555;10240;10228
1988;10949954000;10929555555;11429555555;10240;10228
1989;10949960000;10929555555;11429555555;10240;10228
1990;10949964000;10929611111;11429611111;10240;10228
1991;10991574000;10929900000;11429900000;10240;10228
1992;10991583000;10929900000;11429900000;10240;10228
1993;10991591000;10929900000;11429900000;10240;10228
1994;10991596000;10971222222;11471222222;10240;10228
1995;10991602000;10971222222;11471222222;10240;10228
1996;10991610000;10971222222;11471222222;10240;10228
1997;10991615000;10971222222;11471222222;10240;10228
1998;10991619000;10971222222;11471222222;10240;10228
1999;10991625000;10971222222;11471222222;10240;10228
2000;10991630000;10971222222;11471222222;10240;10228
2001;10991634000;10971277777;11471277777;10240;10228
2002;11033218000;10971577777;11471577777;10240;10228
2003;11033227000;10971577777;11471577777;10240;10228
2004;11033233000;10971577777;11471577777;10240;10228
2005;11033238000;11012888888;11512888888;10240;10228
2006;11033244000;11012888888;11512888888;10240;10228
2007;11033248000;11012888888;11512888888;10240;10228
2008;11033253000;11012888888;11512888888;10240;10228
2009;11033262000;11012888888;11512888888;10240;10228
2010;11033266000;11012888888;11512888888;10240;10228
2011;11033270000;11012888888;11512888888;10240;10228
2012;11033275000;11012944444;11512944444;10240;10228
2013;11074903000;11013255555;11513255555;10240;10228
2014;11074915000;11013255555;11513255555;10240;10228
2015;11074922000;11013255555;11513255555;10240;10228
2016;11074926000;11054555555;11554555555;10240;10228
2017;11074931000;11054555555;11554555555;10240;10228
2018;11074936000;11054555555;11554555555;10240;10228
2019;11074942000;11054555555;11554555555;10240;10228
2020;11074946000;11054555555;11554555555;10240;10228
2021;11074950000;11054555555;11554555555;10240;10228
2022;11074954000;11054555555;11554555555;10240;10228
2023;11074958000;11054611111;11554611111;10240;10228
2024;11116567000;11054888888;11554888888;10240;10228
2025;11116577000;11054888888;11554888888;10240;10228
2026;11116584000;11054888888;11554888888;10240;10228
2027;11116588000;11096222222;11596222222;10240;10228
2028;11116593000;11096222222;11596222222;10240;10228
2029;11116599000;11096222222;11596222222;10240;10228
2030;11116603000;11096222222;11596222222;10240;10228
2031;11116608000;11096222222;11596222222;10240;10228
2032;11116612000;11096222222;11596222222;10240;10228
2033;11116616000;11096222222;11596222222;10240;10228
2036;11158227000;11096555555;11596555555;10240;10228
2037;11158243000;11096555555;11596555555;10240;10228
2038;11158249000;11137900000;11637900000;10240;10228
2039;11158256000;11137900000;11637900000;10240;10228
2040;11158260000;11137900000;11637900000;10240;10228
2041;11158265000;11137900000;11637900000;10240;10228
2042;11158270000;11137900000;11637900000;10240;10228
2043;11158284000;11137900000;11637900000;10240;10228
2044;11158288000;11137900000;11637900000;10240;10228
2045;11158293000;11137944444;11637944444;10240;10228
2034;11198903000;11096277777;11596277777;10240;10228
2035;11198915000;11096555555;11596555555;10240;10228
2046;11199931000;11138244444;11638244444;10240;10228
2047;11199942000;11138244444;11638244444;10240;10228
2048;11199947000;11138244444;11638244444;10240;10228
2049;11199959000;11179555555;11679555555;10240;10228
2050;11199964000;11179555555;11679555555;10240;10228
2051;11199968000;11179555555;11679555555;10240;10228
2052;11199972000;11179555555;11679555555;10240;10228
2053;11199976000;11179555555;11679555555;10240;10228
2054;11199980000;11179555555;11679555555;10240;10228
2055;11199985000;11179555555;11679555555;10240;10228
2056;11199989000;11179611111;11679611111;10240;10228
2057;11241595000;11179877777;11679877777;10240;10228
2058;11241608000;11179877777;11679877777;10240;10228
2059;11241613000;11179877777;11679877777;10240;10228
2060;11241617000;11221255555;11721255555;10240;10228
2061;11241621000;11221255555;11721255555;10240;10228
2062;11241625000;11221255555;11721255555;10240;10228
2063;11241632000;11221255555;11721255555;10240;10228
2064;11241636000;11221255555;11721255555;10240;10228
2065;11241644000;11221255555;11721255555;10240;10228
2066;11241649000;11221255555;11721255555;10240;10228
2067;11241654000;11221311111;11721311111;10240;10228
2068;11283250000;11221611111;11721611111;10240;10228
2069;11283262000;11221611111;11721611111;10240;10228
2070;11283270000;11221611111;11721611111;10240;10228
2071;11283275000;11262888888;11762888888;10240;10228
2072;11283280000;11262888888;11762888888;10240;10228
2073;11283284000;11262888888;11762888888;10240;10228
2074;11283288000;11262888888;11762888888;10240;10228
2075;11283292000;11262888888;11762888888;10240;10228
2076;11283297000;11262888888;11762888888;10240;10228
2077;11283302000;11262888888;11762888888;10240;10228
2078;11283306000;11262944444;11762944444;10240;10228
2079;11324908000;11263255555;11763255555;10240;10228
2080;11324921000;11263255555;11763255555;10240;10228
2081;11324926000;11263255555;11763255555;10240;10228
2082;11324931000;11304555555;11804555555;10240;10228
2083;11324935000;11304555555;11804555555;10240;10228
2084;11324940000;11304555555;11804555555;10240;10228
2085;11324946000;11304555555;11804555555;10240;10228
2086;11324951000;11304555555;11804555555;10240;10228
2087;11324955000;11304555555;11804555555;10240;10228
2088;11324959000;11304555555;11804555555;10240;10228
2089;11324962000;11304611111;11804611111;10240;10228
2090;11366574000;11304866666;11804866666;10240;10228
2091;11366586000;11304866666;11804866666;10240;10228
2092;11366591000;11304866666;11804866666;10240;10228
2093;11366596000;11346222222;11846222222;10240;10228
2094;11366600000;11346222222;11846222222;10240;10228
2095;11366606000;11346222222;11846222222;10240;10228
2096;11366611000;11346222222;11846222222;10240;10228
2097;11366617000;11346222222;11846222222;10240;10228
2098;11366621000;11346222222;11846222222;10240;10228
2099;11366624000;11346222222;11846222222;10240;10228
2100;11366628000;11346277777;11846277777;10240;10228
2101;11408228000;11346600000;11846600000;10240;10228
2102;11408241000;11346600000;11846600000;10240;10228
2103;11408246000;11346600000;11846600000;10240;10228
2104;11408252000;11387888888;11887888888;10240;10228
2105;11408256000;11387888888;11887888888;10240;10228
2106;11408262000;11387888888;11887888888;10240;10228
2107;11408266000;11387888888;11887888888;10240;10228
2108;11408271000;11387888888;11887888888;10240;10228
2109;11408275000;11387888888;11887888888;10240;10228
2110;11408280000;11387888888;11887888888;10240;10228
2111;11408283000;11387944444;11887944444;10240;10228
2112;11449908000;11388277777;11888277777;10240;10228
2113;11449919000;11388277777;11888277777;10240;10228
2114;11449924000;11388277777;11888277777;10240;10228
2115;11449930000;11429555555;11929555555;10240;10228
2116;11449935000;11429555555;11929555555;10240;10228
2117;11449941000;11429555555;11929555555;10240;10228
2118;11449945000;11429555555;11929555555;10240;10228
2119;11449950000;11429555555;11929555555;10240;10228
2120;11449954000;11429555555;11929555555;10240;10228
2121;11449958000;11429555555;11929555555;10240;10228
2122;11449962000;11429611111;11929611111;10240;10228
2123;11491563000;11429911111;11929911111;10240;10228
2124;11491574000;11429911111;11929911111;10240;10228
2125;11491579000;11429911111;11929911111;10240;10228
2126;11491593000;11471222222;11971222222;10240;10228
2127;11491598000;11471222222;11971222222;10240;10228
2128;11491603000;11471222222;11971222222;10240;10228
2129;11491607000;11471222222;11971222222;10240;10228
2130;11491611000;11471222222;11971222222;10240;10228
2131;11491615000;11471222222;11971222222;10240;10228
2132;11491630000;11471222222;11971222222;10240;10228
2133;11491633000;11471277777;11971277777;10240;10228
2134;11533245000;11471600000;11971600000;10240;10228
2135;11533258000;11471600000;11971600000;10240;10228
2136;11533264000;11471600000;11971600000;10240;10228
2137;11533268000;11512888888;12012888888;10240;10228
2138;11533273000;11512888888;12012888888;10240;10228
2139;11533277000;11512888888;12012888888;10240;10228
2140;11533282000;11512888888;12012888888;10240;10228
2141;11533287000;11512888888;12012888888;10240;10228
2142;11533291000;11512888888;12012888888;10240;10228
2143;11533296000;11512888888;12012888888;10240;10228
2144;11533299000;11512944444;12012944444;10240;10228
2145;11574927000;11513266666;12013266666;10240;10228
2146;11574938000;11513266666;12013266666;10240;10228
2147;11574945000;11513266666;12013266666;10240;10228
2148;11574949000;11554566666;12054566666;10240;10228
2149;11574953000;11554566666;12054566666;10240;10228
2150;11574957000;11554566666;12054566666;10240;10228
2151;11574961000;11554566666;12054566666;10240;10228
2152;11574966000;11554566666;12054566666;10240;10228
2153;11574970000;11554566666;12054566666;10240;10228
2154;11574975000;11554566666;12054566666;10240;10228
2155;11574979000;11554622222;12054622222;10240;10228
2156;11616580000;11554922222;12054922222;10240;10228
2157;11616591000;11554922222;12054922222;10240;10228
2158;11616596000;11554922222;12054922222;10240;10228
2159;11616601000;11596222222;12096222222;10240;10228
2160;11616606000;11596222222;12096222222;10240;10228
2161;11616612000;11596222222;12096222222;10240;10228
2162;11616617000;11596222222;12096222222;10240;10228
2163;11616624000;11596222222;12096222222;10240;10228
2164;11616628000;11596222222;12096222222;10240;10228
2165;11616633000;11596222222;12096222222;10240;10228
2166;11616636000;11596277777;12096277777;10240;10228
2167;11658247000;11596600000;12096600000;10240;10228
2168;11658256000;11596600000;12096600000;10240;10228
2169;11658262000;11596600000;12096600000;10240;10228
2170;11658268000;11637900000;12137900000;10240;10228
2171;11658273000;11637900000;12137900000;10240;10228
2172;11658278000;11637900000;12137900000;10240;10228
2173;11658284000;11637900000;12137900000;10240;10228
2174;11658288000;11637900000;12137900000;10240;10228
2175;11658292000;11637900000;12137900000;10240;10228
2176;11658296000;11637900000;12137900000;10240;10228
2177;11658300000;11637944444;12137944444;10240;10228
2178;11699910000;11638300000;12138300000;10240;10228
2179;11699920000;11638300000;12138300000;10240;10228
2180;11699925000;11638300000;12138300000;10240;10228
2181;11699930000;11679555555;12179555555;10240;10228
2182;11699935000;11679555555;12179555555;10240;10228
2183;11699940000;11679555555;12179555555;10240;10228
2184;11699945000;11679555555;12179555555;10240;10228
2185;11699949000;11679555555;12179555555;10240;10228
2186;11699955000;11679555555;12179555555;10240;10228
2187;11699958000;11679555555;12179555555;10240;10228
2188;11699962000;11679611111;12179611111;10240;10228
2189;11741606000;11679922222;12179922222;10240;10228
2190;11741619000;11679922222;12179922222;10240;10228
2191;11741624000;11679922222;12179922222;10240;10228
2192;11741628000;11721255555;12221255555;10240;10228
2193;11741638000;11721255555;12221255555;10240;10228
2194;11741644000;11721255555;12221255555;10240;10228
2195;11741649000;11721255555;12221255555;10240;10228
2197;11741653000;11721255555;12221255555;10240;10228
2198;11741671000;11721255555;12221255555;10240;10228
2199;11741675000;11721300000;12221300000;10240;10228
2196;11782305000;11721255555;12221255555;10240;10228
2200;11783226000;11721622222;12221622222;10240;10228
2201;11783237000;11721622222;12221622222;10240;10228
2202;11783242000;11721622222;12221622222;10240;10228
2203;11783259000;11762888888;12262888888;10240;10228
2204;11783264000;11762888888;12262888888;10240;10228
2205;11783268000;11762888888;12262888888;10240;10228
2206;11783274000;11762888888;12262888888;10240;10228
2207;11783278000;11762888888;12262888888;10240;10228
2208;11783282000;11762888888;12262888888;10240;10228
2209;11783286000;11762888888;12262888888;10240;10228
2210;11783299000;11762944444;12262944444;10240;10228
2211;11824911000;11763277777;12263277777;10240;10228
2212;11824924000;11763277777;12263277777;10240;10228
2213;11824931000;11763277777;12263277777;10240;10228
2214;11824935000;11804588888;12304588888;10240;10228
2215;11824940000;11804588888;12304588888;10240;10228
2216;11824944000;11804588888;12304588888;10240;10228
2217;11824950000;11804588888;12304588888;10240;10228
2218;11824954000;11804588888;12304588888;10240;10228
2219;11824963000;11804588888;12304588888;10240;10228
2220;11824968000;11804588888;12304588888;10240;10228
2221;11824972000;11804633333;12304633333;10240;10228
2222;11866548000;11804911111;12304911111;10240;10228
2223;11866560000;11804911111;12304911111;10240;10228
2224;11866566000;11804911111;12304911111;10240;10228
2225;11866577000;11846222222;12346222222;10240;10228
2226;11866583000;11846222222;12346222222;10240;10228
2227;11866587000;11846222222;12346222222;10240;10228
2228;11866593000;11846222222;12346222222;10240;10228
2229;11866599000;11846222222;12346222222;10240;10228
2230;11866609000;11846222222;12346222222;10240;10228
2231;11866614000;11846222222;12346222222;10240;10228
2232;11866618000;11846266666;12346266666;10240;10228
2233;11908242000;11846588888;12346588888;10240;10228
2234;11908255000;11846588888;12346588888;10240;10228
2235;11908260000;11846588888;12346588888;10240;10228
2236;11908266000;11887888888;12387888888;10240;10228
2237;11908270000;11887888888;12387888888;10240;10228
2238;11908275000;11887888888;12387888888;10240;10228
2239;11908279000;11887888888;12387888888;10240;10228
2240;11908289000;11887888888;12387888888;10240;10228
2241;11908293000;11887888888;12387888888;10240;10228
2242;11908298000;11887888888;12387888888;10240;10228
2243;11908302000;11887944444;12387944444;10240;10228
2244;11949885000;11888277777;12388277777;10240;10228
2245;11949898000;11888277777;12388277777;10240;10228
2246;11949904000;11888277777;12388277777;10240;10228
2247;11949912000;11929555555;12429555555;10240;10228
2248;11949918000;11929555555;12429555555;10240;10228
2249;11949924000;11929555555;12429555555;10240;10228
2250;11949929000;11929555555;12429555555;10240;10228
2251;11949934000;11929555555;12429555555;10240;10228
2252;11949938000;11929555555;12429555555;10240;10228
2253;11949944000;11929555555;12429555555;10240;10228
2254;11949948000;11929611111;12429611111;10240;10228
2255;11991572000;11929911111;12429911111;10240;10228
2256;11991583000;11929911111;12429911111;10240;10228
2257;11991588000;11929911111;12429911111;10240;10228
2258;11991594000;11971222222;12471222222;10240;10228
2259;11991598000;11971222222;12471222222;10240;10228
2260;11991603000;11971222222;12471222222;10240;10228
2261;11991607000;11971222222;12471222222;10240;10228
2262;11991616000;11971222222;12471222222;10240;10228
2263;11991620000;11971222222;12471222222;10240;10228
2264;11991626000;11971222222;12471222222;10240;10228
2265;11991629000;11971277777;12471277777;10240;10228
2266;12033187000;11971600000;12471600000;10240;10228
2267;12033198000;11971600000;12471600000;10240;10228
2268;12033204000;11971600000;12471600000;10240;10228
2269;12033209000;12012888888;12512888888;10240;10228
2270;12033213000;12012888888;12512888888;10240;10228
2271;12033219000;12012888888;12512888888;10240;10228
2272;12033223000;12012888888;12512888888;10240;10228
2273;12033228000;12012888888;12512888888;10240;10228
2274;12033232000;12012888888;12512888888;10240;10228
2275;12033236000;12012888888;12512888888;10240;10228
2276;12033240000;12012944444;12512944444;10240;10228
2277;12074923000;12013288888;12513288888;10240;10228
2278;12074936000;12013288888;12513288888;10240;10228
2279;12074941000;12013288888;12513288888;10240;10228
2280;12074954000;12054555555;12554555555;10240;10228
2281;12074959000;12054555555;12554555555;10240;10228
2282;12074968000;12054555555;12554555555;10240;10228
2283;12074974000;12054555555;12554555555;10240;10228
2284;12074979000;12054555555;12554555555;10240;10228
2285;12074983000;12054555555;12554555555;10240;10228
2286;12074988000;12054555555;12554555555;10240;10228
2287;12074992000;12054611111;12554611111;10240;10228
2288;12116570000;12054922222;12554922222;10240;10228
2289;12116580000;12054922222;12554922222;10240;10228
2290;12116585000;12054922222;12554922222;10240;10228
2291;12116589000;12096222222;12596222222;10240;10228
2292;12116594000;12096222222;12596222222;10240;10228
2293;12116600000;12096222222;12596222222;10240;10228
2294;12116605000;12096222222;12596222222;10240;10228
2295;12116610000;12096222222;12596222222;10240;10228
2296;12116614000;12096222222;12596222222;10240;10228
2297;12116619000;12096222222;12596222222;10240;10228
2298;12116623000;12096277777;12596277777;10240;10228
2299;12158265000;12096588888;12596588888;10240;10228
2300;12158275000;12096588888;12596588888;10240;10228
2301;12158281000;12096588888;12596588888;10240;10228
2302;12158285000;12137888888;12637888888;10240;10228
2303;12158289000;12137888888;12637888888;10240;10228
2304;12158294000;12137888888;12637888888;10240;10228
2305;12158302000;12137888888;12637888888;10240;10228
2306;12158307000;12137888888;12637888888;10240;10228
2307;12158311000;12137888888;12637888888;10240;10228
2308;12158317000;12137888888;12637888888;10240;10228
2309;12158321000;12137944444;12637944444;10240;10228
2310;12199909000;12138266666;12638266666;10240;10228
2311;12199920000;12138266666;12638266666;10240;10228
2312;12199925000;12138266666;12638266666;10240;10228
2313;12199930000;12179555555;12679555555;10240;10228
2314;12199937000;12179555555;12679555555;10240;10228
2315;12199941000;12179555555;12679555555;10240;10228
2316;12199945000;12179555555;12679555555;10240;10228
2317;12199950000;12179555555;12679555555;10240;10228
2318;12199954000;12179555555;12679555555;10240;10228
2319;12199959000;12179555555;12679555555;10240;10228
2320;12199963000;12179611111;12679611111;10240;10228
2321;12241554000;12179911111;12679911111;10240;10228
2322;12241565000;12179911111;12679911111;10240;10228
2323;12241571000;12179911111;12679911111;10240;10228
2324;12241575000;12221222222;12721222222;10240;10228
2325;12241584000;12221222222;12721222222;10240;10228
2326;12241589000;12221222222;12721222222;10240;10228
2327;12241596000;12221222222;12721222222;10240;10228
2328;12241600000;12221222222;12721222222;10240;10228
2329;12241605000;12221222222;12721222222;10240;10228
2330;12241611000;12221222222;12721222222;10240;10228
2331;12241621000;12221277777;12721277777;10240;10228
2332;12283238000;12221611111;12721611111;10240;10228
2333;12283250000;12221611111;12721611111;10240;10228
2334;12283256000;12221611111;12721611111;10240;10228
2335;12283261000;12262888888;12762888888;10240;10228
2336;12283267000;12262888888;12762888888;10240;10228
2337;12283278000;12262888888;12762888888;10240;10228
2338;12283285000;12262888888;12762888888;10240;10228
2339;12283289000;12262888888;12762888888;10240;10228
2340;12283297000;12262888888;12762888888;10240;10228
2341;12283301000;12262888888;12762888888;10240;10228
2342;12283305000;12262944444;12762944444;10240;10228
2343;12324907000;12263288888;12763288888;10240;10228
2344;12324918000;12263288888;12763288888;10240;10228
2345;12324925000;12263288888;12763288888;10240;10228
2346;12324930000;12304555555;12804555555;10240;10228
2347;12324936000;12304555555;12804555555;10240;10228
2348;12324941000;12304555555;12804555555;10240;10228
2349;12324946000;12304555555;12804555555;10240;10228
2350;12324950000;12304555555;12804555555;10240;10228
2351;12324959000;12304555555;12804555555;10240;10228
2352;12324964000;12304555555;12804555555;10240;10228
2353;12324968000;12304611111;12804611111;10240;10228
2354;12366551000;12304900000;12804900000;10240;10228
2355;12366563000;12304900000;12804900000;10240;10228
2356;12366569000;12304900000;12804900000;10240;10228
2357;12366573000;12346222222;12846222222;10240;10228
2358;12366587000;12346222222;12846222222;10240;10228
2359;12366593000;12346222222;12846222222;10240;10228
2360;12366598000;12346222222;12846222222;10240;10228
2361;12366602000;12346222222;12846222222;10240;10228
2362;12366607000;12346222222;12846222222;10240;10228
2363;12366611000;12346222222;12846222222;10240;10228
2364;12366625000;12346277777;12846277777;10240;10228
2365;12408226000;12346600000;12846600000;10240;10228
2366;12408238000;12346600000;12846600000;10240;10228
2367;12408244000;12346600000;12846600000;10240;10228
2368;12408248000;12387888888;12887888888;10240;10228
2369;12408253000;12387888888;12887888888;10240;10228
2370;12408258000;12387888888;12887888888;10240;10228
2371;12408264000;12387888888;12887888888;10240;10228
2372;12408269000;12387888888;12887888888;10240;10228
2373;12408274000;12387888888;12887888888;10240;10228
2374;12408278000;12387888888;12887888888;10240;10228
2375;12408288000;12387944444;12887944444;10240;10228
2376;12449910000;12388277777;12888277777;10240;10228
2377;12449929000;12388277777;12888277777;10240;10228
2378;12449935000;12388277777;12888277777;10240;10228
2379;12449940000;12429566666;12929566666;10240;10228
2380;12449944000;12429566666;12929566666;10240;10228
2381;12449950000;12429566666;12929566666;10240;10228
2382;12449954000;12429566666;12929566666;10240;10228
2383;12449958000;12429566666;12929566666;10240;10228
2384;12449967000;12429566666;12929566666;10240;10228
2385;12449975000;12429566666;12929566666;10240;10228
2386;12449980000;12429611111;12929611111;10240;10228
2387;12491573000;12429911111;12929911111;10240;10228
2388;12491586000;12429911111;12929911111;10240;10228
2389;12491595000;12429911111;12929911111;10240;10228
2390;12491600000;12471222222;12971222222;10240;10228
2391;12491605000;12471222222;12971222222;10240;10228
2392;12491610000;12471222222;12971222222;10240;10228
2393;12491614000;12471222222;12971222222;10240;10228
2394;12491618000;12471222222;12971222222;10240;10228
2395;12491622000;12471222222;12971222222;10240;10228
2396;12491626000;12471222222;12971222222;10240;10228
2397;12491635000;12471277777;12971277777;10240;10228
2398;12533203000;12471600000;12971600000;10240;10228
2399;12533219000;12471600000;12971600000;10240;10228
2400;12533224000;12471600000;12971600000;10240;10228
2401;12533229000;12512888888;13012888888;10240;10228
2402;12533234000;12512888888;13012888888;10240;10228
2403;12533238000;12512888888;13012888888;10240;10228
2404;12533244000;12512888888;13012888888;10240;10228
2405;12533249000;12512888888;13012888888;10240;10228
2406;12533254000;12512888888;13012888888;10240;10228
2407;12533258000;12512888888;13012888888;10240;10228
2408;12533262000;12512944444;13012944444;10240;10228
2409;12574885000;12513266666;13013266666;10240;10228
2410;12574898000;12513266666;13013266666;10240;10228
2411;12574904000;12513266666;13013266666;10240;10228
2412;12574910000;12554555555;13054555555;10240;10228
2413;12574914000;12554555555;13054555555;10240;10228
2414;12574919000;12554555555;13054555555;10240;10228
2415;12574924000;12554555555;13054555555;10240;10228
2416;12574930000;12554555555;13054555555;10240;10228
2417;12574934000;12554555555;13054555555;10240;10228
2418;12574938000;12554555555;13054555555;10240;10228
2419;12574942000;12554611111;13054611111;10240;10228
2420;12616563000;12554900000;13054900000;10240;10228
2421;12616575000;12554900000;13054900000;10240;10228
2422;12616583000;12554900000;13054900000;10240;10228
2423;12616588000;12596222222;13096222222;10240;10228
2424;12616597000;12596222222;13096222222;10240;10228
2425;12616602000;12596222222;13096222222;10240;10228
2426;12616606000;12596222222;13096222222;10240;10228
2427;12616613000;12596222222;13096222222;10240;10228
2428;12616617000;12596222222;13096222222;10240;10228
2429;12616623000;12596222222;13096222222;10240;10228
2430;12616626000;12596277777;13096277777;10240;10228
2431;12658244000;12596588888;13096588888;10240;10228
2432;12658256000;12596588888;13096588888;10240;10228
2433;12658261000;12596588888;13096588888;10240;10228
2434;12658266000;12637888888;13137888888;10240;10228
2435;12658279000;12637888888;13137888888;10240;10228
2436;12658285000;12637888888;13137888888;10240;10228
2437;12658294000;12637888888;13137888888;10240;10228
2438;12658299000;12637888888;13137888888;10240;10228
2439;12658304000;12637888888;13137888888;10240;10228
2440;12658309000;12637888888;13137888888;10240;10228
2441;12658312000;12637944444;13137944444;10240;10228
2442;12699924000;12638277777;13138277777;10240;10228
2443;12699934000;12638277777;13138277777;10240;10228
2444;12699939000;12638277777;13138277777;10240;10228
2445;12699944000;12679555555;13179555555;10240;10228
2446;12699948000;12679555555;13179555555;10240;10228
2447;12699953000;12679555555;13179555555;10240;10228
2448;12699957000;12679555555;13179555555;10240;10228
2449;12699964000;12679555555;13179555555;10240;10228
2450;12699968000;12679555555;13179555555;10240;10228
2451;12699972000;12679555555;13179555555;10240;10228
2452;12699976000;12679611111;13179611111;10240;10228
2453;12741598000;12679911111;13179911111;10240;10228
2454;12741607000;12679911111;13179911111;10240;10228
2455;12741612000;12679911111;13179911111;10240;10228
2456;12741617000;12721255555;13221255555;10240;10228
2457;12741621000;12721255555;13221255555;10240;10228
2458;12741625000;12721255555;13221255555;10240;10228
2459;12741629000;12721255555;13221255555;10240;10228
2460;12741639000;12721255555;13221255555;10240;10228
2461;12741643000;12721255555;13221255555;10240;10228
2462;12741647000;12721255555;13221255555;10240;10228
2463;12741651000;12721300000;13221300000;10240;10228
2464;12783235000;12721622222;13221622222;10240;10228
2465;12783246000;12721622222;13221622222;10240;10228
2466;12783252000;12721622222;13221622222;10240;10228
2467;12783256000;12762888888;13262888888;10240;10228
2468;12783262000;12762888888;13262888888;10240;10228
2469;12783267000;12762888888;13262888888;10240;10228
2470;12783272000;12762888888;13262888888;10240;10228
2471;12783276000;12762888888;13262888888;10240;10228
2472;12783281000;12762888888;13262888888;10240;10228
2473;12783286000;12762888888;13262888888;10240;10228
2474;12783290000;12762944444;13262944444;10240;10228
2475;12824910000;12763266666;13263266666;10240;10228
2476;12824920000;12763266666;13263266666;10240;10228
2477;12824926000;12763266666;13263266666;10240;10228
2478;12824930000;12804555555;13304555555;10240;10228
2479;12824936000;12804555555;13304555555;10240;10228
2480;12824940000;12804555555;13304555555;10240;10228
2481;12824945000;12804555555;13304555555;10240;10228
2482;12824950000;12804555555;13304555555;10240;10228
2483;12824954000;12804555555;13304555555;10240;10228
2484;12824958000;12804555555;13304555555;10240;10228
2485;12824962000;12804611111;13304611111;10240;10228
2486;12866555000;12804866666;13304866666;10240;10228
2487;12866567000;12804866666;13304866666;10240;10228
2488;12866573000;12804866666;13304866666;10240;10228
2489;12866577000;12846233333;13346233333;10240;10228
2490;12866584000;12846233333;13346233333;10240;10228
2491;12866588000;12846233333;13346233333;10240;10228
2492;12866593000;12846233333;13346233333;10240;10228
2493;12866602000;12846233333;13346233333;10240;10228
2494;12866608000;12846233333;13346233333;10240;10228
2495;12866612000;12846233333;13346233333;10240;10228
2496;12866616000;12846277777;13346277777;10240;10228
2497;12908214000;12846588888;13346588888;10240;10228
2498;12908226000;12846588888;13346588888;10240;10228
2499;12908231000;12846588888;13346588888;10240;10228
2500;12908236000;12887888888;13387888888;10240;10228
2501;12908241000;12887888888;13387888888;10240;10228
2502;12908246000;12887888888;13387888888;10240;10228
2503;12908252000;12887888888;13387888888;10240;10228
2504;12908256000;12887888888;13387888888;10240;10228
2505;12908261000;12887888888;13387888888;10240;10228
2506;12908265000;12887888888;13387888888;10240;10228
2507;12908269000;12887944444;13387944444;10240;10228
2508;12949899000;12888277777;13388277777;10240;10228
2509;12949910000;12888277777;13388277777;10240;10228
2510;12949917000;12888277777;13388277777;10240;10228
2511;12949921000;12929555555;13429555555;10240;10228
2512;12949935000;12929555555;13429555555;10240;10228
2513;12949939000;12929555555;13429555555;10240;10228
2514;12949944000;12929555555;13429555555;10240;10228
2515;12949948000;12929555555;13429555555;10240;10228
2516;12949954000;12929555555;13429555555;10240;10228
2517;12949958000;12929555555;13429555555;10240;10228
2518;12949963000;12929611111;13429611111;10240;10228
2519;12991572000;12929900000;13429900000;10240;10228
2520;12991584000;12929900000;13429900000;10240;10228
2521;12991588000;12929900000;13429900000;10240;10228
2522;12991597000;12971222222;13471222222;10240;10228
2523;12991602000;12971222222;13471222222;10240;10228
2524;12991606000;12971222222;13471222222;10240;10228
2525;12991611000;12971222222;13471222222;10240;10228
2526;12991615000;12971222222;13471222222;10240;10228
2527;12991619000;12971222222;13471222222;10240;10228
2528;12991623000;12971222222;13471222222;10240;10228
2529;12991629000;12971277777;13471277777;10240;10228
2530;13033274000;12971600000;13471600000;10240;10228
2531;13033286000;12971600000;13471600000;10240;10228
2532;13033291000;12971600000;13471600000;10240;10228
2533;13033295000;13012922222;13512922222;10240;10228
2534;13033299000;13012922222;13512922222;10240;10228
2535;13033303000;13012922222;13512922222;10240;10228
2536;13033308000;13012922222;13512922222;10240;10228
2537;13033312000;13012922222;13512922222;10240;10228
2538;13033318000;13012922222;13512922222;10240;10228
2539;13033322000;13012922222;13512922222;10240;10228
2540;13033327000;13012966666;13512966666;10240;10228
2541;13074910000;13013311111;13513311111;10240;10228
2542;13074922000;13013311111;13513311111;10240;10228
2543;13074927000;13013311111;13513311111;10240;10228
2544;13074931000;13054555555;13554555555;10240;10228
2545;13074935000;13054555555;13554555555;10240;10228
2546;13074939000;13054555555;13554555555;10240;10228
2547;13074943000;13054555555;13554555555;10240;10228
2548;13074947000;13054555555;13554555555;10240;10228
2549;13074952000;13054555555;13554555555;10240;10228
2550;13074957000;13054555555;13554555555;10240;10228
2551;13074960000;13054611111;13554611111;10240;10228
2552;13116717000;13054911111;13554911111;10240;10228
2553;13116746000;13054911111;13554911111;10240;10228
2554;13116765000;13054911111;13554911111;10240;10228
2555;13116770000;13096266666;13596266666;10240;10228
2556;13116774000;13096266666;13596266666;10240;10228
2557;13116781000;13096266666;13596266666;10240;10228
2558;13116786000;13096266666;13596266666;10240;10228
2559;13116789000;13096266666;13596266666;10240;10228
2560;13116793000;13096266666;13596266666;10240;10228
2561;13116798000;13096266666;13596266666;10240;10228
2562;13116802000;13096311111;13596311111;10240;10228
2563;13158225000;13096633333;13596633333;10240;10228
2564;13158242000;13096633333;13596633333;10240;10228
2565;13158247000;13096633333;13596633333;10240;10228
2566;13158253000;13137900000;13637900000;10240;10228
2567;13158257000;13137900000;13637900000;10240;10228
2568;13158263000;13137900000;13637900000;10240;10228
2569;13158267000;13137900000;13637900000;10240;10228
2570;13158272000;13137900000;13637900000;10240;10228
2571;13158277000;13137900000;13637900000;10240;10228
2572;13158280000;13137900000;13637900000;10240;10228
2573;13158284000;13137944444;13637944444;10240;10228
2574;13199910000;13138277777;13638277777;10240;10228
2575;13199922000;13138277777;13638277777;10240;10228
2576;13199927000;13138277777;13638277777;10240;10228
2577;13199937000;13179555555;13679555555;10240;10228
2578;13199941000;13179555555;13679555555;10240;10228
2579;13199946000;13179555555;13679555555;10240;10228
2580;13199952000;13179555555;13679555555;10240;10228
2581;13199957000;13179555555;13679555555;10240;10228
2582;13199961000;13179555555;13679555555;10240;10228
2583;13199965000;13179555555;13679555555;10240;10228
2584;13199969000;13179611111;13679611111;10240;10228
2585;13241550000;13179900000;13679900000;10240;10228
2586;13241560000;13179900000;13679900000;10240;10228
2587;13241565000;13179900000;13679900000;10240;10228
2588;13241570000;13221222222;13721222222;10240;10228
2589;13241574000;13221222222;13721222222;10240;10228
2590;13241600000;13221222222;13721222222;10240;10228
2591;13241607000;13221222222;13721222222;10240;10228
2592;13241611000;13221222222;13721222222;10240;10228
2593;13241615000;13221222222;13721222222;10240;10228
2594;13241629000;13221222222;13721222222;10240;10228
2595;13241633000;13221277777;13721277777;10240;10228
2596;13283242000;13221600000;13721600000;10240;10228
2597;13283253000;13221600000;13721600000;10240;10228
2598;13283258000;13221600000;13721600000;10240;10228
2599;13283262000;13262888888;13762888888;10240;10228
2600;13283266000;13262888888;13762888888;10240;10228
2601;13283272000;13262888888;13762888888;10240;10228
2602;13283278000;13262888888;13762888888;10240;10228
2603;13283283000;13262888888;13762888888;10240;10228
2604;13283287000;13262888888;13762888888;10240;10228
2605;13283292000;13262888888;13762888888;10240;10228
2606;13283295000;13262944444;13762944444;10240;10228
2607;13324886000;13263277777;13763277777;10240;10228
2608;13324896000;13263277777;13763277777;10240;10228
2609;13324902000;13263277777;13763277777;10240;10228
2610;13324906000;13304555555;13804555555;10240;10228
2611;13324911000;13304555555;13804555555;10240;10228
2612;13324915000;13304555555;13804555555;10240;10228
2613;13324920000;13304555555;13804555555;10240;10228
2614;13324925000;13304555555;13804555555;10240;10228
2615;13324929000;13304555555;13804555555;10240;10228
2616;13324934000;13304555555;13804555555;10240;10228
2617;13324939000;13304611111;13804611111;10240;10228
2618;13366574000;13304888888;13804888888;10240;10228
2619;13366584000;13304888888;13804888888;10240;10228
2620;13366589000;13304888888;13804888888;10240;10228
2621;13366594000;13346222222;13846222222;10240;10228
2622;13366600000;13346222222;13846222222;10240;10228
2623;13366604000;13346222222;13846222222;10240;10228
2624;13366609000;13346222222;13846222222;10240;10228
2625;13366613000;13346222222;13846222222;10240;10228
2626;13366617000;13346222222;13846222222;10240;10228
2627;13366623000;13346222222;13846222222;10240;10228
2628;13366627000;13346277777;13846277777;10240;10228
2629;13408219000;13346600000;13846600000;10240;10228
2630;13408230000;13346600000;13846600000;10240;10228
2631;13408237000;13346600000;13846600000;10240;10228
2632;13408241000;13387888888;13887888888;10240;10228
2633;13408246000;13387888888;13887888888;10240;10228
2634;13408250000;13387888888;13887888888;10240;10228
2635;13408255000;13387888888;13887888888;10240;10228
2636;13408264000;13387888888;13887888888;10240;10228
2637;13408269000;13387888888;13887888888;10240;10228
2638;13408273000;13387888888;13887888888;10240;10228
2639;13408277000;13387944444;13887944444;10240;10228
2640;13449912000;13388233333;13888233333;10240;10228
2641;13449926000;13388233333;13888233333;10240;10228
2642;13449933000;13388233333;13888233333;10240;10228
2643;13449937000;13429555555;13929555555;10240;10228
2644;13449942000;13429555555;13929555555;10240;10228
2645;13449951000;13429555555;13929555555;10240;10228
2646;13449958000;13429555555;13929555555;10240;10228
2647;13449962000;13429555555;13929555555;10240;10228
2648;13449968000;13429555555;13929555555;10240;10228
2649;13449972000;13429555555;13929555555;10240;10228
2650;13449976000;13429611111;13929611111;10240;10228
2651;13491592000;13429877777;13929877777;10240;10228
2652;13491605000;13429877777;13929877777;10240;10228
2653;13491611000;13429877777;13929877777;10240;10228
2654;13491616000;13471222222;13971222222;10240;10228
2655;13491621000;13471222222;13971222222;10240;10228
2656;13491625000;13471222222;13971222222;10240;10228
2657;13491631000;13471222222;13971222222;10240;10228
2658;13491635000;13471222222;13971222222;10240;10228
2659;13491640000;13471222222;13971222222;10240;10228
2660;13491644000;13471222222;13971222222;10240;10228
2661;13491648000;13471277777;13971277777;10240;10228
2662;13533121000;13471577777;13971577777;10240;10228
2663;13533132000;13471577777;13971577777;10240;10228
2664;13533138000;13471577777;13971577777;10240;10228
2665;13533142000;13512900000;14012900000;10240;10228
2666;13533147000;13512900000;14012900000;10240;10228
2667;13533162000;13512900000;14012900000;10240;10228
2668;13533169000;13512900000;14012900000;10240;10228
2669;13533173000;13512900000;14012900000;10240;10228
2670;13533178000;13512900000;14012900000;10240;10228
2671;13533182000;13512900000;14012900000;10240;10228
2672;13533196000;13512944444;14012944444;10240;10228
2673;13574900000;13513233333;14013233333;10240;10228
2674;13574912000;13513233333;14013233333;10240;10228
2675;13574917000;13513233333;14013233333;10240;10228
2676;13574922000;13554555555;14054555555;10240;10228
2677;13574927000;13554555555;14054555555;10240;10228
2678;13574932000;13554555555;14054555555;10240;10228
2679;13574937000;13554555555;14054555555;10240;10228
2680;13574941000;13554555555;14054555555;10240;10228
2681;13574947000;13554555555;14054555555;10240;10228
2682;13574951000;13554555555;14054555555;10240;10228
2683;13574956000;13554611111;14054611111;10240;10228
2684;13616549000;13554866666;14054866666;10240;10228
2685;13616561000;13554866666;14054866666;10240;10228
2686;13616565000;13554866666;14054866666;10240;10228
2687;13616570000;13596222222;14096222222;10240;10228
2688;13616574000;13596222222;14096222222;10240;10228
2689;13616578000;13596222222;14096222222;10240;10228
2690;13616583000;13596222222;14096222222;10240;10228
2691;13616589000;13596222222;14096222222;10240;10228
2692;13616594000;13596222222;14096222222;10240;10228
2693;13616599000;13596222222;14096222222;10240;10228
2694;13616603000;13596277777;14096277777;10240;10228
2695;13658244000;13596588888;14096588888;10240;10228
2696;13658257000;13596588888;14096588888;10240;10228
2697;13658263000;13596588888;14096588888;10240;10228
2698;13658267000;13637900000;14137900000;10240;10228
2699;13658278000;13637900000;14137900000;10240;10228
2700;13658287000;13637900000;14137900000;10240;10228
2701;13658292000;13637900000;14137900000;10240;10228
2702;13658297000;13637900000;14137900000;10240;10228
2703;13658303000;13637900000;14137900000;10240;10228
2704;13658307000;13637900000;14137900000;10240;10228
2705;13658312000;13637944444;14137944444;10240;10228
2706;13699919000;13638266666;14138266666;10240;10228
2707;13699931000;13638266666;14138266666;10240;10228
2708;13699936000;13638266666;14138266666;10240;10228
2709;13699942000;13679555555;14179555555;10240;10228
2710;13699947000;13679555555;14179555555;10240;10228
2711;13699952000;13679555555;14179555555;10240;10228
2712;13699956000;13679555555;14179555555;10240;10228
2713;13699961000;13679555555;14179555555;10240;10228
2714;13699965000;13679555555;14179555555;10240;10228
2715;13699968000;13679555555;14179555555;10240;10228
2716;13699972000;13679611111;14179611111;10240;10228
2717;13741604000;13679888888;14179888888;10240;10228
2718;13741616000;13679888888;14179888888;10240;10228
2719;13741620000;13679888888;14179888888;10240;10228
2720;13741625000;13721255555;14221255555;10240;10228
2721;13741636000;13721255555;14221255555;10240;10228
2722;13741642000;13721255555;14221255555;10240;10228
2723;13741650000;13721255555;14221255555;10240;10228
2724;13741655000;13721255555;14221255555;10240;10228
2725;13741663000;13721255555;14221255555;10240;10228
2726;13741667000;13721255555;14221255555;10240;10228
2727;13741670000;13721300000;14221300000;10240;10228
2728;13783264000;13721600000;14221600000;10240;10228
2729;13783276000;13721600000;14221600000;10240;10228
2730;13783281000;13721600000;14221600000;10240;10228
2731;13783291000;13762888888;14262888888;10240;10228
2732;13783296000;13762888888;14262888888;10240;10228
2733;13783302000;13762888888;14262888888;10240;10228
2734;13783306000;13762888888;14262888888;10240;10228
2735;13783312000;13762888888;14262888888;10240;10228
2736;13783317000;13762888888;14262888888;10240;10228
2737;13783322000;13762888888;14262888888;10240;10228
2738;13783326000;13762944444;14262944444;10240;10228
2739;13824873000;13763244444;14263244444;10240;10228
2740;13824884000;13763244444;14263244444;10240;10228
2741;13824889000;13763244444;14263244444;10240;10228
2742;13824894000;13804555555;14304555555;10240;10228
2743;13824900000;13804555555;14304555555;10240;10228
2744;13824914000;13804555555;14304555555;10240;10228
2745;13824918000;13804555555;14304555555;10240;10228
2746;13824923000;13804555555;14304555555;10240;10228
2747;13824927000;13804555555;14304555555;10240;10228
2748;13824932000;13804555555;14304555555;10240;10228
2749;13824936000;13804600000;14304600000;10240;10228
2750;13866572000;13804877777;14304877777;10240;10228
2751;13866584000;13804877777;14304877777;10240;10228
2752;13866590000;13804877777;14304877777;10240;10228
2753;13866594000;13846222222;14346222222;10240;10228
2754;13866599000;13846222222;14346222222;10240;10228
2755;13866604000;13846222222;14346222222;10240;10228
2756;13866608000;13846222222;14346222222;10240;10228
2757;13866613000;13846222222;14346222222;10240;10228
2758;13866619000;13846222222;14346222222;10240;10228
2759;13866624000;13846222222;14346222222;10240;10228
2760;13866628000;13846266666;14346266666;10240;10228
2761;13908243000;13846555555;14346555555;10240;10228
2762;13908255000;13846555555;14346555555;10240;10228
2763;13908260000;13846555555;14346555555;10240;10228
2764;13908266000;13887888888;14387888888;10240;10228
2765;13908271000;13887888888;14387888888;10240;10228
2766;13908276000;13887888888;14387888888;10240;10228
2767;13908280000;13887888888;14387888888;10240;10228
2768;13908285000;13887888888;14387888888;10240;10228
2769;13908289000;13887888888;14387888888;10240;10228
2770;13908298000;13887888888;14387888888;10240;10228
2771;13908303000;13887944444;14387944444;10240;10228
2772;13949888000;13888244444;14388244444;10240;10228
2773;13949898000;13888244444;14388244444;10240;10228
2774;13949904000;13888244444;14388244444;10240;10228
2775;13949911000;13929555555;14429555555;10240;10228
2776;13949916000;13929555555;14429555555;10240;10228
2777;13949921000;13929555555;14429555555;10240;10228
2778;13949924000;13929555555;14429555555;10240;10228
2779;13949929000;13929555555;14429555555;10240;10228
2780;13949938000;13929555555;14429555555;10240;10228
2781;13949945000;13929555555;14429555555;10240;10228
2782;13949949000;13929611111;14429611111;10240;10228
2783;13991576000;13929877777;14429877777;10240;10228
2784;13991586000;13929877777;14429877777;10240;10228
2785;13991592000;13929877777;14429877777;10240;10228
2786;13991596000;13971222222;14471222222;10240;10228
2787;13991601000;13971222222;14471222222;10240;10228
2788;13991605000;13971222222;14471222222;10240;10228
2789;13991609000;13971222222;14471222222;10240;10228
2790;13991612000;13971222222;14471222222;10240;10228
2791;13991616000;13971222222;14471222222;10240;10228
2792;13991625000;13971222222;14471222222;10240;10228
2793;13991631000;13971277777;14471277777;10240;10228
2794;14033223000;13971577777;14471577777;10240;10228
2795;14033232000;13971577777;14471577777;10240;10228
2796;14033238000;13971577777;14471577777;10240;10228
2797;14033242000;14012900000;14512900000;10240;10228
2798;14033247000;14012900000;14512900000;10240;10228
2799;14033251000;14012900000;14512900000;10240;10228
2800;14033256000;14012900000;14512900000;10240;10228
2801;14033264000;14012900000;14512900000;10240;10228
2802;14033269000;14012900000;14512900000;10240;10228
2803;14033275000;14012900000;14512900000;10240;10228
2804;14033279000;14012944444;14512944444;10240;10228
2805;14074911000;14013311111;14513311111;10240;10228
2806;14074922000;14013311111;14513311111;10240;10228
2807;14074928000;14013311111;14513311111;10240;10228
2808;14074932000;14054566666;14554566666;10240;10228
2809;14074937000;14054566666;14554566666;10240;10228
2810;14074941000;14054566666;14554566666;10240;10228
2811;14074946000;14054566666;14554566666;10240;10228
2812;14074951000;14054566666;14554566666;10240;10228
2813;14074961000;14054566666;14554566666;10240;10228
2814;14074965000;14054566666;14554566666;10240;10228
2815;14074969000;14054611111;14554611111;10240;10228
2816;14116606000;14054900000;14554900000;10240;10228
2817;14116617000;14054900000;14554900000;10240;10228
2818;14116624000;14054900000;14554900000;10240;10228
2819;14116628000;14096255555;14596255555;10240;10228
2820;14116636000;14096255555;14596255555;10240;10228
2821;14116651000;14096255555;14596255555;10240;10228
2822;14116657000;14096255555;14596255555;10240;10228
2823;14116663000;14096255555;14596255555;10240;10228
2824;14116670000;14096255555;14596255555;10240;10228
2825;14116673000;14096255555;14596255555;10240;10228
2826;14116678000;14096300000;14596300000;10240;10228
2827;14158243000;14096588888;14596588888;10240;10228
2828;14158255000;14096588888;14596588888;10240;10228
2829;14158261000;14096588888;14596588888;10240;10228
2830;14158265000;14137888888;14637888888;10240;10228
2831;14158270000;14137888888;14637888888;10240;10228
2832;14158274000;14137888888;14637888888;10240;10228
2833;14158280000;14137888888;14637888888;10240;10228
2834;14158285000;14137888888;14637888888;10240;10228
2835;14158290000;14137888888;14637888888;10240;10228
2836;14158294000;14137888888;14637888888;10240;10228
2837;14158299000;14137944444;14637944444;10240;10228
2838;14199906000;14138233333;14638233333;10240;10228
2839;14199918000;14138233333;14638233333;10240;10228
2840;14199923000;14138233333;14638233333;10240;10228
2841;14199928000;14179555555;14679555555;10240;10228
2842;14199933000;14179555555;14679555555;10240;10228
2843;14199938000;14179555555;14679555555;10240;10228
2844;14199943000;14179555555;14679555555;10240;10228
2845;14199947000;14179555555;14679555555;10240;10228
2846;14199952000;14179555555;14679555555;10240;10228
2847;14199957000;14179555555;14679555555;10240;10228
2848;14199962000;14179611111;14679611111;10240;10228
2849;14241552000;14179877777;14679877777;10240;10228
2850;14241568000;14179877777;14679877777;10240;10228
2851;14241574000;14179877777;14679877777;10240;10228
2852;14241580000;14221222222;14721222222;10240;10228
2853;14241584000;14221222222;14721222222;10240;10228
2854;14241589000;14221222222;14721222222;10240;10228
2855;14241594000;14221222222;14721222222;10240;10228
2856;14241598000;14221222222;14721222222;10240;10228
2857;14241603000;14221222222;14721222222;10240;10228
2858;14241607000;14221222222;14721222222;10240;10228
2859;14241612000;14221288888;14721288888;10240;10228
2860;14283239000;14221600000;14721600000;10240;10228
2861;14283252000;14221600000;14721600000;10240;10228
2862;14283258000;14221600000;14721600000;10240;10228
2863;14283265000;14262900000;14762900000;10240;10228
2864;14283270000;14262900000;14762900000;10240;10228
2865;14283274000;14262900000;14762900000;10240;10228
2866;14283278000;14262900000;14762900000;10240;10228
2867;14283283000;14262900000;14762900000;10240;10228
2868;14283291000;14262900000;14762900000;10240;10228
2869;14283296000;14262900000;14762900000;10240;10228
2870;14283301000;14262944444;14762944444;10240;10228
2871;14324907000;14263255555;14763255555;10240;10228
2872;14324920000;14263255555;14763255555;10240;10228
2873;14324925000;14263255555;14763255555;10240;10228
2874;14324934000;14304555555;14804555555;10240;10228
2875;14324938000;14304555555;14804555555;10240;10228
2876;14324944000;14304555555;14804555555;10240;10228
2877;14324948000;14304555555;14804555555;10240;10228
2878;14324953000;14304555555;14804555555;10240;10228
2879;14324957000;14304555555;14804555555;10240;10228
2880;14324961000;14304555555;14804555555;10240;10228
2881;14324966000;14304611111;14804611111;10240;10228
2882;14366551000;14304866666;14804866666;10240;10228
2883;14366563000;14304866666;14804866666;10240;10228
2884;14366569000;14304866666;14804866666;10240;10228
2885;14366576000;14346222222;14846222222;10240;10228
2886;14366581000;14346222222;14846222222;10240;10228
2887;14366586000;14346222222;14846222222;10240;10228
2888;14366590000;14346222222;14846222222;10240;10228
2889;14366595000;14346222222;14846222222;10240;10228
2890;14366600000;14346222222;14846222222;10240;10228
2891;14366605000;14346222222;14846222222;10240;10228
2892;14366610000;14346277777;14846277777;10240;10228
2893;14408238000;14346577777;14846577777;10240;10228
2894;14408251000;14346577777;14846577777;10240;10228
2895;14408256000;14346577777;14846577777;10240;10228
2896;14408261000;14387888888;14887888888;10240;10228
2897;14408265000;14387888888;14887888888;10240;10228
2898;14408270000;14387888888;14887888888;10240;10228
2899;14408283000;14387888888;14887888888;10240;10228
2900;14408288000;14387888888;14887888888;10240;10228
2901;14408292000;14387888888;14887888888;10240;10228
2902;14408296000;14387888888;14887888888;10240;10228
2903;14408300000;14387944444;14887944444;10240;10228
2904;14449893000;14388233333;14888233333;10240;10228
2905;14449905000;14388233333;14888233333;10240;10228
2906;14449911000;14388233333;14888233333;10240;10228
2907;14449915000;14429566666;14929566666;10240;10228
2908;14449920000;14429566666;14929566666;10240;10228
2909;14449925000;14429566666;14929566666;10240;10228
2910;14449929000;14429566666;14929566666;10240;10228
2911;14449934000;14429566666;14929566666;10240;10228
2912;14449939000;14429566666;14929566666;10240;10228
2913;14449944000;14429566666;14929566666;10240;10228
2914;14449950000;14429611111;14929611111;10240;10228
2915;14491574000;14429877777;14929877777;10240;10228
2916;14491584000;14429877777;14929877777;10240;10228
2917;14491591000;14429877777;14929877777;10240;10228
2918;14491595000;14471222222;14971222222;10240;10228
2919;14491604000;14471222222;14971222222;10240;10228
2920;14491609000;14471222222;14971222222;10240;10228
2921;14491613000;14471222222;14971222222;10240;10228
2922;14491618000;14471222222;14971222222;10240;10228
2923;14491622000;14471222222;14971222222;10240;10228
2924;14491629000;14471222222;14971222222;10240;10228
2925;14491633000;14471277777;14971277777;10240;10228
2926;14533241000;14471566666;14971566666;10240;10228
2927;14533251000;14471566666;14971566666;10240;10228
2928;14533257000;14471566666;14971566666;10240;10228
2929;14533261000;14512888888;15012888888;10240;10228
2930;14533265000;14512888888;15012888888;10240;10228
2931;14533269000;14512888888;15012888888;10240;10228
2932;14533273000;14512888888;15012888888;10240;10228
2933;14533278000;14512888888;15012888888;10240;10228
2934;14533283000;14512888888;15012888888;10240;10228
2935;14533288000;14512888888;15012888888;10240;10228
2936;14533292000;14512944444;15012944444;10240;10228
2937;14574931000;14513222222;15013222222;10240;10228
2938;14574938000;14513222222;15013222222;10240;10228
2939;14574954000;14513222222;15013222222;10240;10228
2940;14574960000;14554555555;15054555555;10240;10228
2941;14574965000;14554555555;15054555555;10240;10228
2942;14574973000;14554555555;15054555555;10240;10228
2943;14574978000;14554555555;15054555555;10240;10228
2944;14574983000;14554555555;15054555555;10240;10228
2945;14574987000;14554555555;15054555555;10240;10228
2946;14574999000;14554555555;15054555555;10240;10228
2947;14575004000;14554611111;15054611111;10240;10228
2948;14616574000;14554855555;15054855555;10240;10228
2949;14616583000;14554855555;15054855555;10240;10228
2950;14616590000;14554855555;15054855555;10240;10228
2951;14616594000;14596222222;15096222222;10240;10228
2952;14616599000;14596222222;15096222222;10240;10228
2953;14616602000;14596222222;15096222222;10240;10228
2954;14616608000;14596222222;15096222222;10240;10228
2955;14616612000;14596222222;15096222222;10240;10228
2956;14616616000;14596222222;15096222222;10240;10228
2957;14616620000;14596222222;15096222222;10240;10228
2958;14616624000;14596277777;15096277777;10240;10228
2959;14658220000;14596555555;15096555555;10240;10228
2960;14658231000;14596555555;15096555555;10240;10228
2961;14658236000;14596555555;15096555555;10240;10228
2962;14658240000;14637888888;15137888888;10240;10228
2963;14658250000;14637888888;15137888888;10240;10228
2964;14658256000;14637888888;15137888888;10240;10228
2965;14658260000;14637888888;15137888888;10240;10228
2966;14658265000;14637888888;15137888888;10240;10228
2967;14658270000;14637888888;15137888888;10240;10228
2968;14658274000;14637888888;15137888888;10240;10228
2969;14658278000;14637944444;15137944444;10240;10228
2970;14699928000;14638244444;15138244444;10240;10228
2971;14699939000;14638244444;15138244444;10240;10228
2972;14699945000;14638244444;15138244444;10240;10228
2973;14699951000;14679555555;15179555555;10240;10228
2974;14699957000;14679555555;15179555555;10240;10228
2975;14699961000;14679555555;15179555555;10240;10228
2976;14699974000;14679555555;15179555555;10240;10228
2977;14699978000;14679555555;15179555555;10240;10228
2978;14699983000;14679555555;15179555555;10240;10228
2979;14699987000;14679555555;15179555555;10240;10228
2980;14699993000;14679611111;15179611111;10240;10228
2981;14741564000;14679877777;15179877777;10240;10228
2982;14741576000;14679877777;15179877777;10240;10228
2983;14741582000;14679877777;15179877777;10240;10228
2984;14741588000;14721222222;15221222222;10240;10228
2985;14741597000;14721222222;15221222222;10240;10228
2986;14741601000;14721222222;15221222222;10240;10228
2987;14741606000;14721222222;15221222222;10240;10228
2988;14741610000;14721222222;15221222222;10240;10228
2989;14741615000;14721222222;15221222222;10240;10228
2990;14741620000;14721222222;15221222222;10240;10228
2991;14741625000;14721266666;15221266666;10240;10228
2992;14783233000;14721555555;15221555555;10240;10228
2993;14783246000;14721555555;15221555555;10240;10228
2994;14783251000;14721555555;15221555555;10240;10228
2995;14783257000;14762888888;15262888888;10240;10228
2996;14783262000;14762888888;15262888888;10240;10228
2997;14783267000;14762888888;15262888888;10240;10228
2998;14783272000;14762888888;15262888888;10240;10228
2999;14783276000;14762888888;15262888888;10240;10228
3000;14783280000;14762888888;15262888888;10240;10228
3001;14783285000;14762888888;15262888888;10240;10228
3002;14783289000;14762944444;15262944444;10240;10228
3003;14824907000;14763233333;15263233333;10240;10228
3004;14824920000;14763233333;15263233333;10240;10228
3005;14824926000;14763233333;15263233333;10240;10228
3006;14824931000;14804555555;15304555555;10240;10228
3007;14824935000;14804555555;15304555555;10240;10228
3008;14824940000;14804555555;15304555555;10240;10228
3009;14824944000;14804555555;15304555555;10240;10228
3010;14824948000;14804555555;15304555555;10240;10228
3011;14824953000;14804555555;15304555555;10240;10228
3012;14824957000;14804555555;15304555555;10240;10228
3013;14824962000;14804600000;15304600000;10240;10228
3014;14866599000;14804844444;15304844444;10240;10228
3015;14866611000;14804844444;15304844444;10240;10228
3016;14866616000;14804844444;15304844444;10240;10228
3017;14866621000;14846255555;15346255555;10240;10228
3018;14866626000;14846255555;15346255555;10240;10228
3019;14866632000;14846255555;15346255555;10240;10228
3020;14866637000;14846255555;15346255555;10240;10228
3021;14866641000;14846255555;15346255555;10240;10228
3022;14866646000;14846255555;15346255555;10240;10228
3023;14866650000;14846255555;15346255555;10240;10228
3024;14866653000;14846311111;15346311111;10240;10228
3025;14908244000;14846588888;15346588888;10240;10228
3026;14908258000;14846588888;15346588888;10240;10228
3027;14908263000;14846588888;15346588888;10240;10228
3028;14908269000;14887888888;15387888888;10240;10228
3029;14908274000;14887888888;15387888888;10240;10228
3030;14908278000;14887888888;15387888888;10240;10228
3031;14908282000;14887888888;15387888888;10240;10228
3032;14908287000;14887888888;15387888888;10240;10228
3033;14908292000;14887888888;15387888888;10240;10228
3034;14908296000;14887888888;15387888888;10240;10228
3035;14908301000;14887944444;15387944444;10240;10228
3036;14949907000;14888244444;15388244444;10240;10228
3037;14949920000;14888244444;15388244444;10240;10228
3038;14949925000;14888244444;15388244444;10240;10228
3039;14949929000;14929555555;15429555555;10240;10228
3040;14949934000;14929555555;15429555555;10240;10228
3041;14949939000;14929555555;15429555555;10240;10228
3042;14949943000;14929555555;15429555555;10240;10228
3043;14949948000;14929555555;15429555555;10240;10228
3044;14949952000;14929555555;15429555555;10240;10228
3045;14949957000;14929555555;15429555555;10240;10228
3046;14949961000;14929611111;15429611111;10240;10228
3047;14991549000;14929866666;15429866666;10240;10228
3048;14991561000;14929866666;15429866666;10240;10228
3049;14991569000;14929866666;15429866666;10240;10228
3050;14991575000;14971222222;15471222222;10240;10228
3051;14991580000;14971222222;15471222222;10240;10228
3052;14991585000;14971222222;15471222222;10240;10228
3053;14991598000;14971222222;15471222222;10240;10228
3054;14991604000;14971222222;15471222222;10240;10228
3055;14991608000;14971222222;15471222222;10240;10228
3056;14991613000;14971222222;15471222222;10240;10228
3057;14991616000;14971277777;15471277777;10240;10228
3058;15033213000;14971566666;15471566666;10240;10228
3059;15033224000;14971566666;15471566666;10240;10228
3060;15033229000;14971566666;15471566666;10240;10228
3061;15033234000;15012888888;15512888888;10240;10228
3062;15033238000;15012888888;15512888888;10240;10228
3063;15033244000;15012888888;15512888888;10240;10228
3064;15033250000;15012888888;15512888888;10240;10228
3065;15033256000;15012888888;15512888888;10240;10228
3066;15033260000;15012888888;15512888888;10240;10228
3067;15033270000;15012888888;15512888888;10240;10228
3068;15033274000;15012944444;15512944444;10240;10228
3069;15074903000;15013244444;15513244444;10240;10228
3070;15074914000;15013244444;15513244444;10240;10228
3071;15074919000;15013244444;15513244444;10240;10228
3072;15074924000;15054555555;15554555555;10240;10228
3073;15074928000;15054555555;15554555555;10240;10228
3074;15074933000;15054555555;15554555555;10240;10228
3075;15074938000;15054555555;15554555555;10240;10228
3076;15074944000;15054555555;15554555555;10240;10228
3077;15074948000;15054555555;15554555555;10240;10228
3078;15074953000;15054555555;15554555555;10240;10228
3079;15074957000;15054611111;15554611111;10240;10228
3080;15116591000;15054877777;15554877777;10240;10228
3081;15116601000;15054877777;15554877777;10240;10228
3082;15116607000;15054877777;15554877777;10240;10228
3083;15116612000;15096222222;15596222222;10240;10228
3084;15116619000;15096222222;15596222222;10240;10228
3085;15116625000;15096222222;15596222222;10240;10228
3086;15116634000;15096222222;15596222222;10240;10228
3087;15116639000;15096222222;15596222222;10240;10228
3088;15116643000;15096222222;15596222222;10240;10228
3089;15116648000;15096222222;15596222222;10240;10228
3090;15116652000;15096277777;15596277777;10240;10228
3091;15158242000;15096544444;15596544444;10240;10228
3092;15158253000;15096544444;15596544444;10240;10228
3093;15158260000;15096544444;15596544444;10240;10228
3094;15158265000;15137888888;15637888888;10240;10228
3095;15158271000;15137888888;15637888888;10240;10228
3096;15158279000;15137888888;15637888888;10240;10228
3097;15158284000;15137888888;15637888888;10240;10228
3098;15158288000;15137888888;15637888888;10240;10228
3099;15158292000;15137888888;15637888888;10240;10228
3100;15158297000;15137888888;15637888888;10240;10228
3101;15158301000;15137944444;15637944444;10240;10228
3102;15199770000;15138233333;15638233333;10240;10228
3103;15199781000;15138233333;15638233333;10240;10228
3104;15199786000;15138233333;15638233333;10240;10228
3105;15199792000;15179555555;15679555555;10240;10228
3106;15199797000;15179555555;15679555555;10240;10228
3107;15199801000;15179555555;15679555555;10240;10228
3108;15199806000;15179555555;15679555555;10240;10228
3109;15199810000;15179555555;15679555555;10240;10228
3110;15199814000;15179555555;15679555555;10240;10228
3111;15199826000;15179555555;15679555555;10240;10228
3112;15199830000;15179611111;15679611111;10240;10228
3113;15241587000;15179866666;15679866666;10240;10228
3114;15241600000;15179866666;15679866666;10240;10228
3115;15241608000;15179866666;15679866666;10240;10228
3116;15241612000;15221266666;15721266666;10240;10228
3117;15241619000;15221266666;15721266666;10240;10228
3118;15241623000;15221266666;15721266666;10240;10228
3119;15241628000;15221266666;15721266666;10240;10228
3120;15241632000;15221266666;15721266666;10240;10228
3121;15241638000;15221266666;15721266666;10240;10228
3122;15241642000;15221266666;15721266666;10240;10228
3123;15241646000;15221311111;15721311111;10240;10228
3124;15283241000;15221611111;15721611111;10240;10228
3125;15283253000;15221611111;15721611111;10240;10228
3126;15283259000;15221611111;15721611111;10240;10228
3127;15283264000;15262888888;15762888888;10240;10228
3128;15283269000;15262888888;15762888888;10240;10228
3129;15283273000;15262888888;15762888888;10240;10228
3130;15283278000;15262888888;15762888888;10240;10228
3131;15283296000;15262888888;15762888888;10240;10228
3132;15283301000;15262888888;15762888888;10240;10228
3133;15283305000;15262888888;15762888888;10240;10228
3134;15283310000;15262944444;15762944444;10240;10228
3135;15324882000;15263244444;15763244444;10240;10228
3136;15324894000;15263244444;15763244444;10240;10228
3137;15324900000;15263244444;15763244444;10240;10228
3138;15324905000;15304555555;15804555555;10240;10228
3139;15324910000;15304555555;15804555555;10240;10228
3140;15324915000;15304555555;15804555555;10240;10228
3141;15324920000;15304555555;15804555555;10240;10228
3142;15324925000;15304555555;15804555555;10240;10228
3143;15324930000;15304555555;15804555555;10240;10228
3144;15324934000;15304555555;15804555555;10240;10228
3145;15324939000;15304600000;15804600000;10240;10228
3146;15366552000;15304855555;15804855555;10240;10228
3147;15366564000;15304855555;15804855555;10240;10228
3148;15366569000;15304855555;15804855555;10240;10228
3149;15366573000;15346222222;15846222222;10240;10228
3150;15366578000;15346222222;15846222222;10240;10228
3151;15366582000;15346222222;15846222222;10240;10228
3152;15366587000;15346222222;15846222222;10240;10228
3153;15366596000;15346222222;15846222222;10240;10228
3154;15366602000;15346222222;15846222222;10240;10228
3155;15366607000;15346222222;15846222222;10240;10228
3156;15366611000;15346277777;15846277777;10240;10228
3157;15408255000;15346566666;15846566666;10240;10228
3158;15408267000;15346566666;15846566666;10240;10228
3159;15408273000;15346566666;15846566666;10240;10228
3160;15408279000;15387888888;15887888888;10240;10228
3161;15408284000;15387888888;15887888888;10240;10228
3162;15408289000;15387888888;15887888888;10240;10228
3163;15408293000;15387888888;15887888888;10240;10228
3164;15408297000;15387888888;15887888888;10240;10228
3165;15408303000;15387888888;15887888888;10240;10228
3166;15408307000;15387888888;15887888888;10240;10228
3167;15408312000;15387944444;15887944444;10240;10228
3168;15449907000;15388244444;15888244444;10240;10228
3169;15449919000;15388244444;15888244444;10240;10228
3170;15449924000;15388244444;15888244444;10240;10228
3171;15449931000;15429555555;15929555555;10240;10228
3172;15449936000;15429555555;15929555555;10240;10228
3173;15449941000;15429555555;15929555555;10240;10228
3174;15449946000;15429555555;15929555555;10240;10228
3175;15449950000;15429555555;15929555555;10240;10228
3176;15449956000;15429555555;15929555555;10240;10228
3177;15449961000;15429555555;15929555555;10240;10228
3178;15449965000;15429611111;15929611111;10240;10228
3179;15491589000;15429877777;15929877777;10240;10228
3180;15491602000;15429877777;15929877777;10240;10228
3181;15491607000;15429877777;15929877777;10240;10228
3182;15491613000;15471222222;15971222222;10240;10228
3183;15491617000;15471222222;15971222222;10240;10228
3184;15491622000;15471222222;15971222222;10240;10228
3185;15491627000;15471222222;15971222222;10240;10228
3186;15491632000;15471222222;15971222222;10240;10228
3187;15491637000;15471222222;15971222222;10240;10228
3188;15491640000;15471222222;15971222222;10240;10228
3189;15491644000;15471277777;15971277777;10240;10228
3190;15533217000;15471577777;15971577777;10240;10228
3191;15533229000;15471577777;15971577777;10240;10228
3192;15533233000;15471577777;15971577777;10240;10228
3193;15533238000;15512888888;16012888888;10240;10228
3194;15533242000;15512888888;16012888888;10240;10228
3195;15533247000;15512888888;16012888888;10240;10228
3196;15533250000;15512888888;16012888888;10240;10228
3197;15533256000;15512888888;16012888888;10240;10228
3198;15533260000;15512888888;16012888888;10240;10228
3199;15533264000;15512888888;16012888888;10240;10228
3200;15533268000;15512944444;16012944444;10240;10228
3201;15574901000;15513244444;16013244444;10240;10228
3202;15574912000;15513244444;16013244444;10240;10228
3203;15574917000;15513244444;16013244444;10240;10228
3204;15574922000;15554555555;16054555555;10240;10228
3205;15574926000;15554555555;16054555555;10240;10228
3206;15574937000;15554555555;16054555555;10240;10228
3207;15574942000;15554555555;16054555555;10240;10228
3208;15574954000;15554555555;16054555555;10240;10228
3209;15574958000;15554555555;16054555555;10240;10228
3210;15574962000;15554555555;16054555555;10240;10228
3211;15574966000;15554611111;16054611111;10240;10228
3212;15616583000;15554877777;16054877777;10240;10228
3213;15616594000;15554877777;16054877777;10240;10228
3214;15616599000;15554877777;16054877777;10240;10228
3215;15616607000;15596222222;16096222222;10240;10228
3216;15616611000;15596222222;16096222222;10240;10228
3217;15616618000;15596222222;16096222222;10240;10228
3218;15616624000;15596222222;16096222222;10240;10228
3219;15616628000;15596222222;16096222222;10240;10228
3220;15616632000;15596222222;16096222222;10240;10228
3221;15616637000;15596222222;16096222222;10240;10228
3222;15616642000;15596277777;16096277777;10240;10228
3223;15658243000;15596566666;16096566666;10240;10228
3224;15658253000;15596566666;16096566666;10240;10228
3225;15658263000;15596566666;16096566666;10240;10228
3226;15658268000;15637888888;16137888888;10240;10228
3227;15658273000;15637888888;16137888888;10240;10228
3228;15658279000;15637888888;16137888888;10240;10228
3229;15658283000;15637888888;16137888888;10240;10228
3230;15658289000;15637888888;16137888888;10240;10228
3231;15658293000;15637888888;16137888888;10240;10228
3232;15658297000;15637888888;16137888888;10240;10228
3233;15658300000;15637944444;16137944444;10240;10228
3234;15699908000;15638255555;16138255555;10240;10228
3235;15699917000;15638255555;16138255555;10240;10228
3236;15699923000;15638255555;16138255555;10240;10228
3237;15699928000;15679555555;16179555555;10240;10228
3238;15699935000;15679555555;16179555555;10240;10228
3239;15699939000;15679555555;16179555555;10240;10228
3240;15699943000;15679555555;16179555555;10240;10228
3241;15699949000;15679555555;16179555555;10240;10228
3242;15699953000;15679555555;16179555555;10240;10228
3243;15699958000;15679555555;16179555555;10240;10228
3244;15699962000;15679611111;16179611111;10240;10228
3245;15741565000;15679888888;16179888888;10240;10228
3246;15741575000;15679888888;16179888888;10240;10228
3247;15741581000;15679888888;16179888888;10240;10228
3248;15741589000;15721222222;16221222222;10240;10228
3249;15741596000;15721222222;16221222222;10240;10228
3250;15741600000;15721222222;16221222222;10240;10228
3251;15741604000;15721222222;16221222222;10240;10228
3252;15741608000;15721222222;16221222222;10240;10228
3253;15741612000;15721222222;16221222222;10240;10228
3254;15741617000;15721222222;16221222222;10240;10228
3255;15741630000;15721277777;16221277777;10240;10228
3256;15783254000;15721566666;16221566666;10240;10228
3257;15783265000;15721566666;16221566666;10240;10228
3258;15783280000;15721566666;16221566666;10240;10228
3259;15783284000;15762888888;16262888888;10240;10228
3260;15783289000;15762888888;16262888888;10240;10228
3261;15783293000;15762888888;16262888888;10240;10228
3262;15783298000;15762888888;16262888888;10240;10228
3263;15783302000;15762888888;16262888888;10240;10228
3264;15783307000;15762888888;16262888888;10240;10228
3265;15783310000;15762888888;16262888888;10240;10228
3266;15783314000;15762944444;16262944444;10240;10228
3267;15824902000;15763244444;16263244444;10240;10228
3268;15824916000;15763244444;16263244444;10240;10228
3269;15824923000;15763244444;16263244444;10240;10228
3270;15824926000;15804555555;16304555555;10240;10228
3271;15824931000;15804555555;16304555555;10240;10228
3272;15824937000;15804555555;16304555555;10240;10228
3273;15824941000;15804555555;16304555555;10240;10228
3274;15824945000;15804555555;16304555555;10240;10228
3275;15824949000;15804555555;16304555555;10240;10228
3276;15824953000;15804555555;16304555555;10240;10228
3277;15824957000;15804600000;16304600000;10240;10228
3278;15866575000;15804855555;16304855555;10240;10228
3279;15866587000;15804855555;16304855555;10240;10228
3280;15866593000;15804855555;16304855555;10240;10228
3281;15866597000;15846222222;16346222222;10240;10228
3282;15866605000;15846222222;16346222222;10240;10228
3283;15866609000;15846222222;16346222222;10240;10228
3284;15866618000;15846222222;16346222222;10240;10228
3285;15866632000;15846222222;16346222222;10240;10228
3286;15866647000;15846222222;16346222222;10240;10228
3287;15866651000;15846222222;16346222222;10240;10228
3288;15866655000;15846277777;16346277777;10240;10228
3289;15908240000;15846555555;16346555555;10240;10228
3290;15908251000;15846555555;16346555555;10240;10228
3291;15908256000;15846555555;16346555555;10240;10228
3292;15908263000;15887888888;16387888888;10240;10228
3293;15908268000;15887888888;16387888888;10240;10228
3294;15908274000;15887888888;16387888888;10240;10228
3295;15908278000;15887888888;16387888888;10240;10228
3296;15908282000;15887888888;16387888888;10240;10228
3297;15908287000;15887888888;16387888888;10240;10228
3298;15908296000;15887888888;16387888888;10240;10228
3299;15908301000;15887944444;16387944444;10240;10228
3300;15949898000;15888255555;16388255555;10240;10228
3301;15949910000;15888255555;16388255555;10240;10228
3302;15949915000;15888255555;16388255555;10240;10228
3303;15949919000;15929555555;16429555555;10240;10228
3304;15949928000;15929555555;16429555555;10240;10228
3305;15949932000;15929555555;16429555555;10240;10228
3306;15949938000;15929555555;16429555555;10240;10228
3307;15949944000;15929555555;16429555555;10240;10228
3308;15949949000;15929555555;16429555555;10240;10228
3309;15949953000;15929555555;16429555555;10240;10228
3310;15949958000;15929611111;16429611111;10240;10228
3311;15991548000;15929877777;16429877777;10240;10228
3312;15991559000;15929877777;16429877777;10240;10228
3313;15991567000;15929877777;16429877777;10240;10228
3314;15991571000;15971222222;16471222222;10240;10228
3315;15991575000;15971222222;16471222222;10240;10228
3316;15991579000;15971222222;16471222222;10240;10228
3317;15991587000;15971222222;16471222222;10240;10228
3318;15991591000;15971222222;16471222222;10240;10228
3319;15991596000;15971222222;16471222222;10240;10228
3320;15991600000;15971222222;16471222222;10240;10228
3321;15991605000;15971277777;16471277777;10240;10228
3322;16033243000;15971577777;16471577777;10240;10228
3323;16033255000;15971577777;16471577777;10240;10228
3324;16033259000;15971577777;16471577777;10240;10228
3325;16033264000;16012900000;16512900000;10240;10228
3326;16033268000;16012900000;16512900000;10240;10228
3327;16033273000;16012900000;16512900000;10240;10228
3328;16033277000;16012900000;16512900000;10240;10228
3329;16033281000;16012900000;16512900000;10240;10228
3330;16033286000;16012900000;16512900000;10240;10228
3331;16033290000;16012900000;16512900000;10240;10228
3332;16033298000;16012944444;16512944444;10240;10228
3333;16074926000;16013288888;16513288888;10240;10228
3334;16074938000;16013288888;16513288888;10240;10228
3335;16074943000;16013288888;16513288888;10240;10228
3336;16074953000;16054566666;16554566666;10240;10228
3337;16074958000;16054566666;16554566666;10240;10228
3338;16074964000;16054566666;16554566666;10240;10228
3339;16074969000;16054566666;16554566666;10240;10228
3340;16074974000;16054566666;16554566666;10240;10228
3341;16074978000;16054566666;16554566666;10240;10228
3342;16074981000;16054566666;16554566666;10240;10228
3343;16074985000;16054611111;16554611111;10240;10228
3344;16116590000;16054900000;16554900000;10240;10228
3345;16116607000;16054900000;16554900000;10240;10228
3346;16116612000;16054900000;16554900000;10240;10228
3347;16116617000;16096222222;16596222222;10240;10228
3348;16116622000;16096222222;16596222222;10240;10228
3349;16116627000;16096222222;16596222222;10240;10228
3350;16116633000;16096222222;16596222222;10240;10228
3351;16116642000;16096222222;16596222222;10240;10228
3352;16116646000;16096222222;16596222222;10240;10228
3353;16116650000;16096222222;16596222222;10240;10228
3354;16116663000;16096277777;16596277777;10240;10228
3355;16158233000;16096555555;16596555555;10240;10228
3356;16158250000;16096555555;16596555555;10240;10228
3357;16158256000;16096555555;16596555555;10240;10228
3358;16158261000;16137900000;16637900000;10240;10228
3359;16158266000;16137900000;16637900000;10240;10228
3360;16158271000;16137900000;16637900000;10240;10228
3361;16158275000;16137900000;16637900000;10240;10228
3362;16158290000;16137900000;16637900000;10240;10228
3363;16158303000;16137900000;16637900000;10240;10228
3364;16158308000;16137900000;16637900000;10240;10228
3365;16158311000;16137944444;16637944444;10240;10228
3366;16199907000;16138244444;16638244444;10240;10228
3367;16199918000;16138244444;16638244444;10240;10228
3368;16199923000;16138244444;16638244444;10240;10228
3369;16199929000;16179555555;16679555555;10240;10228
3370;16199933000;16179555555;16679555555;10240;10228
3371;16199938000;16179555555;16679555555;10240;10228
3372;16199942000;16179555555;16679555555;10240;10228
3373;16199948000;16179555555;16679555555;10240;10228
3374;16199952000;16179555555;16679555555;10240;10228
3375;16199957000;16179555555;16679555555;10240;10228
3376;16199961000;16179611111;16679611111;10240;10228
3377;16241578000;16179877777;16679877777;10240;10228
3378;16241588000;16179877777;16679877777;10240;10228
3379;16241593000;16179877777;16679877777;10240;10228
3380;16241598000;16221222222;16721222222;10240;10228
3381;16241603000;16221222222;16721222222;10240;10228
3382;16241616000;16221222222;16721222222;10240;10228
3383;16241626000;16221222222;16721222222;10240;10228
3384;16241632000;16221222222;16721222222;10240;10228
3385;16241636000;16221222222;16721222222;10240;10228
3386;16241641000;16221222222;16721222222;10240;10228
3387;16241645000;16221277777;16721277777;10240;10228
3388;16283220000;16221588888;16721588888;10240;10228
3389;16283230000;16221588888;16721588888;10240;10228
3390;16283236000;16221588888;16721588888;10240;10228
3391;16283242000;16262888888;16762888888;10240;10228
3392;16283247000;16262888888;16762888888;10240;10228
3393;16283251000;16262888888;16762888888;10240;10228
3394;16283255000;16262888888;16762888888;10240;10228
3395;16283260000;16262888888;16762888888;10240;10228
3396;16283264000;16262888888;16762888888;10240;10228
3397;16283270000;16262888888;16762888888;10240;10228
3398;16283274000;16262944444;16762944444;10240;10228
3399;16324909000;16263266666;16763266666;10240;10228
3400;16324922000;16263266666;16763266666;10240;10228
3401;16324930000;16263266666;16763266666;10240;10228
3402;16324935000;16304555555;16804555555;10240;10228
3403;16324940000;16304555555;16804555555;10240;10228
3404;16324945000;16304555555;16804555555;10240;10228
3405;16324949000;16304555555;16804555555;10240;10228
3406;16324953000;16304555555;16804555555;10240;10228
3407;16324959000;16304555555;16804555555;10240;10228
3408;16324964000;16304555555;16804555555;10240;10228
3409;16324968000;16304611111;16804611111;10240;10228
3410;16366576000;16304866666;16804866666;10240;10228
3411;16366591000;16304866666;16804866666;10240;10228
3412;16366596000;16304866666;16804866666;10240;10228
3413;16366601000;16346222222;16846222222;10240;10228
3414;16366606000;16346222222;16846222222;10240;10228
3415;16366610000;16346222222;16846222222;10240;10228
3416;16366616000;16346222222;16846222222;10240;10228
3417;16366621000;16346222222;16846222222;10240;10228
3418;16366625000;16346222222;16846222222;10240;10228
3419;16366629000;16346222222;16846222222;10240;10228
3420;16366640000;16346277777;16846277777;10240;10228
3421;16408244000;16346577777;16846577777;10240;10228
3422;16408254000;16346577777;16846577777;10240;10228
3423;16408262000;16346577777;16846577777;10240;10228
3424;16408272000;16387888888;16887888888;10240;10228
3425;16408277000;16387888888;16887888888;10240;10228
3426;16408281000;16387888888;16887888888;10240;10228
3427;16408286000;16387888888;16887888888;10240;10228
3428;16408291000;16387888888;16887888888;10240;10228
3429;16408298000;16387888888;16887888888;10240;10228
3430;16408302000;16387888888;16887888888;10240;10228
3431;16408306000;16387944444;16887944444;10240;10228
3432;16449914000;16388255555;16888255555;10240;10228
3433;16449926000;16388255555;16888255555;10240;10228
3434;16449931000;16388255555;16888255555;10240;10228
3435;16449935000;16429566666;16929566666;10240;10228
3436;16449942000;16429566666;16929566666;10240;10228
3437;16449946000;16429566666;16929566666;10240;10228
3438;16449951000;16429566666;16929566666;10240;10228
3439;16449955000;16429566666;16929566666;10240;10228
3440;16449968000;16429566666;16929566666;10240;10228
3441;16449972000;16429566666;16929566666;10240;10228
3442;16449987000;16429611111;16929611111;10240;10228
3443;16491553000;16429900000;16929900000;10240;10228
3444;16491564000;16429900000;16929900000;10240;10228
3445;16491571000;16429900000;16929900000;10240;10228
3446;16491575000;16471222222;16971222222;10240;10228
3447;16491580000;16471222222;16971222222;10240;10228
3448;16491584000;16471222222;16971222222;10240;10228
3449;16491590000;16471222222;16971222222;10240;10228
3450;16491599000;16471222222;16971222222;10240;10228
3451;16491605000;16471222222;16971222222;10240;10228
3452;16491610000;16471222222;16971222222;10240;10228
3453;16491614000;16471277777;16971277777;10240;10228
3454;16533239000;16471611111;16971611111;10240;10228
3455;16533250000;16471611111;16971611111;10240;10228
3456;16533255000;16471611111;16971611111;10240;10228
3457;16533259000;16512888888;17012888888;10240;10228
3458;16533264000;16512888888;17012888888;10240;10228
3459;16533268000;16512888888;17012888888;10240;10228
3460;16533273000;16512888888;17012888888;10240;10228
3461;16533282000;16512888888;17012888888;10240;10228
3462;16533287000;16512888888;17012888888;10240;10228
3463;16533291000;16512888888;17012888888;10240;10228
3464;16533296000;16512944444;17012944444;10240;10228
3465;16574909000;16513244444;17013244444;10240;10228
3466;16574921000;16513244444;17013244444;10240;10228
3467;16574926000;16513244444;17013244444;10240;10228
3468;16574930000;16554555555;17054555555;10240;10228
3469;16574937000;16554555555;17054555555;10240;10228
3470;16574941000;16554555555;17054555555;10240;10228
3471;16574946000;16554555555;17054555555;10240;10228
3472;16574950000;16554555555;17054555555;10240;10228
3473;16574957000;16554555555;17054555555;10240;10228
3474;16574961000;16554555555;17054555555;10240;10228
3475;16574966000;16554611111;17054611111;10240;10228
3476;16616550000;16554877777;17054877777;10240;10228
3477;16616561000;16554877777;17054877777;10240;10228
3478;16616566000;16554877777;17054877777;10240;10228
3479;16616571000;16596222222;17096222222;10240;10228
3480;16616575000;16596222222;17096222222;10240;10228
3481;16616579000;16596222222;17096222222;10240;10228
3482;16616583000;16596222222;17096222222;10240;10228
3483;16616587000;16596222222;17096222222;10240;10228
3484;16616592000;16596222222;17096222222;10240;10228
3485;16616596000;16596222222;17096222222;10240;10228
3486;16616600000;16596277777;17096277777;10240;10228
3487;16658241000;16596577777;17096577777;10240;10228
3488;16658257000;16596577777;17096577777;10240;10228
3489;16658265000;16596577777;17096577777;10240;10228
3490;16658270000;16637888888;17137888888;10240;10228
3491;16658275000;16637888888;17137888888;10240;10228
3492;16658280000;16637888888;17137888888;10240;10228
3493;16658284000;16637888888;17137888888;10240;10228
3494;16658288000;16637888888;17137888888;10240;10228
3495;16658293000;16637888888;17137888888;10240;10228
3496;16658298000;16637888888;17137888888;10240;10228
3497;16658304000;16637944444;17137944444;10240;10228
3498;16699919000;16638255555;17138255555;10240;10228
3499;16699931000;16638255555;17138255555;10240;10228
3500;16699936000;16638255555;17138255555;10240;10228
3501;16699941000;16679566666;17179566666;10240;10228
3502;16699945000;16679566666;17179566666;10240;10228
3503;16699955000;16679566666;17179566666;10240;10228
3504;16699959000;16679566666;17179566666;10240;10228
3505;16699964000;16679566666;17179566666;10240;10228
3506;16699968000;16679566666;17179566666;10240;10228
3507;16699972000;16679566666;17179566666;10240;10228
3508;16699975000;16679622222;17179622222;10240;10228
3509;16741576000;16679922222;17179922222;10240;10228
3510;16741588000;16679922222;17179922222;10240;10228
3511;16741596000;16679922222;17179922222;10240;10228
3512;16741601000;16721222222;17221222222;10240;10228
3513;16741605000;16721222222;17221222222;10240;10228
3514;16741610000;16721222222;17221222222;10240;10228
3515;16741613000;16721222222;17221222222;10240;10228
3516;16741618000;16721222222;17221222222;10240;10228
3517;16741630000;16721222222;17221222222;10240;10228
3518;16741635000;16721222222;17221222222;10240;10228
3519;16741649000;16721277777;17221277777;10240;10228
3520;16783233000;16721577777;17221577777;10240;10228
3521;16783245000;16721577777;17221577777;10240;10228
3522;16783250000;16721577777;17221577777;10240;10228
3523;16783256000;16762888888;17262888888;10240;10228
3524;16783264000;16762888888;17262888888;10240;10228
3525;16783269000;16762888888;17262888888;10240;10228
3526;16783274000;16762888888;17262888888;10240;10228
3527;16783279000;16762888888;17262888888;10240;10228
3528;16783288000;16762888888;17262888888;10240;10228
3529;16783294000;16762888888;17262888888;10240;10228
3530;16783298000;16762944444;17262944444;10240;10228
3531;16824937000;16763255555;17263255555;10240;10228
3532;16824949000;16763255555;17263255555;10240;10228
3533;16824955000;16763255555;17263255555;10240;10228
3534;16824959000;16804588888;17304588888;10240;10228
3535;16824963000;16804588888;17304588888;10240;10228
3536;16824969000;16804588888;17304588888;10240;10228
3537;16824978000;16804588888;17304588888;10240;10228
3538;16824983000;16804588888;17304588888;10240;10228
3539;16824988000;16804588888;17304588888;10240;10228
3540;16824994000;16804588888;17304588888;10240;10228
3541;16824998000;16804633333;17304633333;10240;10228
3542;16866553000;16804900000;17304900000;10240;10228
3543;16866564000;16804900000;17304900000;10240;10228
3544;16866569000;16804900000;17304900000;10240;10228
3545;16866573000;16846222222;17346222222;10240;10228
3546;16866578000;16846222222;17346222222;10240;10228
3547;16866582000;16846222222;17346222222;10240;10228
3548;16866586000;16846222222;17346222222;10240;10228
3549;16866592000;16846222222;17346222222;10240;10228
3550;16866597000;16846222222;17346222222;10240;10228
3551;16866605000;16846222222;17346222222;10240;10228
3552;16866610000;16846277777;17346277777;10240;10228
3553;16908230000;16846566666;17346566666;10240;10228
3554;16908240000;16846566666;17346566666;10240;10228
3555;16908246000;16846566666;17346566666;10240;10228
3556;16908250000;16887900000;17387900000;10240;10228
3557;16908255000;16887900000;17387900000;10240;10228
3558;16908259000;16887900000;17387900000;10240;10228
3559;16908263000;16887900000;17387900000;10240;10228
3560;16908270000;16887900000;17387900000;10240;10228
3561;16908275000;16887900000;17387900000;10240;10228
3562;16908280000;16887900000;17387900000;10240;10228
3563;16908286000;16887944444;17387944444;10240;10228
3564;16949932000;16888266666;17388266666;10240;10228
3565;16949944000;16888266666;17388266666;10240;10228
3566;16949951000;16888266666;17388266666;10240;10228
3567;16949955000;16929555555;17429555555;10240;10228
3568;16949960000;16929555555;17429555555;10240;10228
3569;16949964000;16929555555;17429555555;10240;10228
3570;16949970000;16929555555;17429555555;10240;10228
3571;16949974000;16929555555;17429555555;10240;10228
3572;16949979000;16929555555;17429555555;10240;10228
3573;16949983000;16929555555;17429555555;10240;10228
3574;16949987000;16929611111;17429611111;10240;10228
3575;16991591000;16929888888;17429888888;10240;10228
3576;16991602000;16929888888;17429888888;10240;10228
3577;16991607000;16929888888;17429888888;10240;10228
3578;16991616000;16971222222;17471222222;10240;10228
3579;16991621000;16971222222;17471222222;10240;10228
3580;16991626000;16971222222;17471222222;10240;10228
3581;16991631000;16971222222;17471222222;10240;10228
3582;16991635000;16971222222;17471222222;10240;10228
3583;16991639000;16971222222;17471222222;10240;10228
3584;16991643000;16971222222;17471222222;10240;10228
3585;16991646000;16971277777;17471277777;10240;10228
3586;17033245000;16971588888;17471588888;10240;10228
3587;17033255000;16971588888;17471588888;10240;10228
3588;17033260000;16971588888;17471588888;10240;10228
3589;17033264000;17012888888;17512888888;10240;10228
3590;17033270000;17012888888;17512888888;10240;10228
3591;17033274000;17012888888;17512888888;10240;10228
3592;17033279000;17012888888;17512888888;10240;10228
3593;17033283000;17012888888;17512888888;10240;10228
3594;17033296000;17012888888;17512888888;10240;10228
3595;17033309000;17012888888;17512888888;10240;10228
3596;17033313000;17012944444;17512944444;10240;10228
3597;17074885000;17013266666;17513266666;10240;10228
3598;17074897000;17013266666;17513266666;10240;10228
3599;17074903000;17013266666;17513266666;10240;10228
3600;17074908000;17054555555;17554555555;10240;10228
3601;17074913000;17054555555;17554555555;10240;10228
3602;17074918000;17054555555;17554555555;10240;10228
3603;17074923000;17054555555;17554555555;10240;10228
3604;17074927000;17054555555;17554555555;10240;10228
3605;17074932000;17054555555;17554555555;10240;10228
3606;17074938000;17054555555;17554555555;10240;10228
3607;17074945000;17054611111;17554611111;10240;10228
3608;17116572000;17054900000;17554900000;10240;10228
3609;17116583000;17054900000;17554900000;10240;10228
3610;17116589000;17054900000;17554900000;10240;10228
3611;17116593000;17096222222;17596222222;10240;10228
3612;17116598000;17096222222;17596222222;10240;10228
3613;17116602000;17096222222;17596222222;10240;10228
3614;17116607000;17096222222;17596222222;10240;10228
3615;17116622000;17096222222;17596222222;10240;10228
3616;17116627000;17096222222;17596222222;10240;10228
3617;17116631000;17096222222;17596222222;10240;10228
3618;17116637000;17096277777;17596277777;10240;10228
3619;17158240000;17096566666;17596566666;10240;10228
3620;17158256000;17096566666;17596566666;10240;10228
3621;17158262000;17096566666;17596566666;10240;10228
3622;17158271000;17137888888;17637888888;10240;10228
3623;17158275000;17137888888;17637888888;10240;10228
3624;17158283000;17137888888;17637888888;10240;10228
3625;17158291000;17137888888;17637888888;10240;10228
3626;17158295000;17137888888;17637888888;10240;10228
3627;17158301000;17137888888;17637888888;10240;10228
3628;17158305000;17137888888;17637888888;10240;10228
3629;17158310000;17137944444;17637944444;10240;10228
3630;17199910000;17138244444;17638244444;10240;10228
3631;17199922000;17138244444;17638244444;10240;10228
3632;17199928000;17138244444;17638244444;10240;10228
3633;17199932000;17179555555;17679555555;10240;10228
3634;17199937000;17179555555;17679555555;10240;10228
3635;17199941000;17179555555;17679555555;10240;10228
3636;17199946000;17179555555;17679555555;10240;10228
3637;17199951000;17179555555;17679555555;10240;10228
3638;17199956000;17179555555;17679555555;10240;10228
3639;17199960000;17179555555;17679555555;10240;10228
3640;17199965000;17179611111;17679611111;10240;10228
3641;17241578000;17179888888;17679888888;10240;10228
3642;17241591000;17179888888;17679888888;10240;10228
3643;17241596000;17179888888;17679888888;10240;10228
3644;17241605000;17221233333;17721233333;10240;10228
3645;17241610000;17221233333;17721233333;10240;10228
3646;17241615000;17221233333;17721233333;10240;10228
3647;17241619000;17221233333;17721233333;10240;10228
3648;17241623000;17221233333;17721233333;10240;10228
3649;17241627000;17221233333;17721233333;10240;10228
3650;17241631000;17221233333;17721233333;10240;10228
3651;17241641000;17221277777;17721277777;10240;10228
3652;17283243000;17221600000;17721600000;10240;10228
3653;17283256000;17221600000;17721600000;10240;10228
3654;17283262000;17221600000;17721600000;10240;10228
3655;17283267000;17262888888;17762888888;10240;10228
3656;17283272000;17262888888;17762888888;10240;10228
3657;17283280000;17262888888;17762888888;10240;10228
3658;17283285000;17262888888;17762888888;10240;10228
3659;17283290000;17262888888;17762888888;10240;10228
3660;17283294000;17262888888;17762888888;10240;10228
3661;17283299000;17262888888;17762888888;10240;10228
3662;17283303000;17262944444;17762944444;10240;10228
3663;17324884000;17263266666;17763266666;10240;10228
3664;17324896000;17263266666;17763266666;10240;10228
3665;17324903000;17263266666;17763266666;10240;10228
3666;17324907000;17304555555;17804555555;10240;10228
3667;17324912000;17304555555;17804555555;10240;10228
3668;17324917000;17304555555;17804555555;10240;10228
3669;17324921000;17304555555;17804555555;10240;10228
3670;17324926000;17304555555;17804555555;10240;10228
3671;17324935000;17304555555;17804555555;10240;10228
3672;17324949000;17304555555;17804555555;10240;10228
3673;17324953000;17304611111;17804611111;10240;10228
3674;17366574000;17304877777;17804877777;10240;10228
3675;17366585000;17304877777;17804877777;10240;10228
3676;17366590000;17304877777;17804877777;10240;10228
3677;17366595000;17346222222;17846222222;10240;10228
3678;17366600000;17346222222;17846222222;10240;10228
3679;17366605000;17346222222;17846222222;10240;10228
3680;17366609000;17346222222;17846222222;10240;10228
3681;17366615000;17346222222;17846222222;10240;10228
3682;17366620000;17346222222;17846222222;10240;10228
3683;17366626000;17346222222;17846222222;10240;10228
3684;17366630000;17346277777;17846277777;10240;10228
3685;17408240000;17346577777;17846577777;10240;10228
3686;17408252000;17346577777;17846577777;10240;10228
3687;17408257000;17346577777;17846577777;10240;10228
3688;17408262000;17387888888;17887888888;10240;10228
3689;17408267000;17387888888;17887888888;10240;10228
3690;17408272000;17387888888;17887888888;10240;10228
3691;17408276000;17387888888;17887888888;10240;10228
3692;17408282000;17387888888;17887888888;10240;10228
3693;17408287000;17387888888;17887888888;10240;10228
3694;17408292000;17387888888;17887888888;10240;10228
3695;17408296000;17387944444;17887944444;10240;10228
3696;17449914000;17388244444;17888244444;10240;10228
3697;17449924000;17388244444;17888244444;10240;10228
3698;17449929000;17388244444;17888244444;10240;10228
3699;17449934000;17429555555;17929555555;10240;10228
3700;17449939000;17429555555;17929555555;10240;10228
3701;17449945000;17429555555;17929555555;10240;10228
3702;17449952000;17429555555;17929555555;10240;10228
3703;17449957000;17429555555;17929555555;10240;10228
3704;17449961000;17429555555;17929555555;10240;10228
3705;17449967000;17429555555;17929555555;10240;10228
3706;17449971000;17429611111;17929611111;10240;10228
3707;17491577000;17429877777;17929877777;10240;10228
3708;17491591000;17429877777;17929877777;10240;10228
3709;17491600000;17429877777;17929877777;10240;10228
3710;17491609000;17471222222;17971222222;10240;10228
3711;17491615000;17471222222;17971222222;10240;10228
3712;17491619000;17471222222;17971222222;10240;10228
3713;17491624000;17471222222;17971222222;10240;10228
3714;17491629000;17471222222;17971222222;10240;10228
3715;17491633000;17471222222;17971222222;10240;10228
3716;17491638000;17471222222;17971222222;10240;10228
3717;17491643000;17471277777;17971277777;10240;10228
3718;17533242000;17471566666;17971566666;10240;10228
3719;17533254000;17471566666;17971566666;10240;10228
3720;17533260000;17471566666;17971566666;10240;10228
3721;17533265000;17512888888;18012888888;10240;10228
3722;17533271000;17512888888;18012888888;10240;10228
3723;17533279000;17512888888;18012888888;10240;10228
3724;17533283000;17512888888;18012888888;10240;10228
3725;17533287000;17512888888;18012888888;10240;10228
3726;17533290000;17512888888;18012888888;10240;10228
3727;17533295000;17512888888;18012888888;10240;10228
3728;17533300000;17512944444;18012944444;10240;10228
3729;17574895000;17513233333;18013233333;10240;10228
3730;17574906000;17513233333;18013233333;10240;10228
3731;17574912000;17513233333;18013233333;10240;10228
3732;17574916000;17554555555;18054555555;10240;10228
3733;17574932000;17554555555;18054555555;10240;10228
3734;17574937000;17554555555;18054555555;10240;10228
3735;17574942000;17554555555;18054555555;10240;10228
3736;17574947000;17554555555;18054555555;10240;10228
3737;17574955000;17554555555;18054555555;10240;10228
3738;17574963000;17554555555;18054555555;10240;10228
3739;17574967000;17554611111;18054611111;10240;10228
3740;17616554000;17554866666;18054866666;10240;10228
3741;17616564000;17554866666;18054866666;10240;10228
3742;17616572000;17554866666;18054866666;10240;10228
3743;17616576000;17596222222;18096222222;10240;10228
3744;17616580000;17596222222;18096222222;10240;10228
3745;17616584000;17596222222;18096222222;10240;10228
3746;17616593000;17596222222;18096222222;10240;10228
3747;17616601000;17596222222;18096222222;10240;10228
3748;17616606000;17596222222;18096222222;10240;10228
3749;17616617000;17596222222;18096222222;10240;10228
3750;17616631000;17596277777;18096277777;10240;10228
3751;17658219000;17596566666;18096566666;10240;10228
3752;17658232000;17596566666;18096566666;10240;10228
3753;17658237000;17596566666;18096566666;10240;10228
3754;17658242000;17637900000;18137900000;10240;10228
3755;17658246000;17637900000;18137900000;10240;10228
3756;17658250000;17637900000;18137900000;10240;10228
3757;17658255000;17637900000;18137900000;10240;10228
3758;17658259000;17637900000;18137900000;10240;10228
3759;17658263000;17637900000;18137900000;10240;10228
3760;17658268000;17637900000;18137900000;10240;10228
3761;17658273000;17637944444;18137944444;10240;10228
3762;17699909000;17638266666;18138266666;10240;10228
3763;17699921000;17638266666;18138266666;10240;10228
3764;17699926000;17638266666;18138266666;10240;10228
3765;17699930000;17679555555;18179555555;10240;10228
3766;17699936000;17679555555;18179555555;10240;10228
3767;17699945000;17679555555;18179555555;10240;10228
3768;17699950000;17679555555;18179555555;10240;10228
3769;17699954000;17679555555;18179555555;10240;10228
3770;17699959000;17679555555;18179555555;10240;10228
3771;17699963000;17679555555;18179555555;10240;10228
3772;17699967000;17679611111;18179611111;10240;10228
3773;17741599000;17679888888;18179888888;10240;10228
3774;17741610000;17679888888;18179888888;10240;10228
3775;17741615000;17679888888;18179888888;10240;10228
3776;17741622000;17721255555;18221255555;10240;10228
3777;17741628000;17721255555;18221255555;10240;10228
3778;17741632000;17721255555;18221255555;10240;10228
3779;17741638000;17721255555;18221255555;10240;10228
3780;17741642000;17721255555;18221255555;10240;10228
3781;17741652000;17721255555;18221255555;10240;10228
3782;17741656000;17721255555;18221255555;10240;10228
3783;17741660000;17721300000;18221300000;10240;10228
3784;17783253000;17721588888;18221588888;10240;10228
3785;17783266000;17721588888;18221588888;10240;10228
3786;17783271000;17721588888;18221588888;10240;10228
3787;17783276000;17762888888;18262888888;10240;10228
3788;17783284000;17762888888;18262888888;10240;10228
3789;17783288000;17762888888;18262888888;10240;10228
3790;17783292000;17762888888;18262888888;10240;10228
3791;17783295000;17762888888;18262888888;10240;10228
3792;17783301000;17762888888;18262888888;10240;10228
3793;17783305000;17762888888;18262888888;10240;10228
3794;17783309000;17762944444;18262944444;10240;10228
3795;17824869000;17763244444;18263244444;10240;10228
3796;17824881000;17763244444;18263244444;10240;10228
3797;17824885000;17763244444;18263244444;10240;10228
3798;17824890000;17804555555;18304555555;10240;10228
3799;17824894000;17804555555;18304555555;10240;10228
3800;17824899000;17804555555;18304555555;10240;10228
3801;17824906000;17804555555;18304555555;10240;10228
3802;17824911000;17804555555;18304555555;10240;10228
3803;17824918000;17804555555;18304555555;10240;10228
3804;17824923000;17804555555;18304555555;10240;10228
3805;17824927000;17804611111;18304611111;10240;10228
3806;17866546000;17804855555;18304855555;10240;10228
3807;17866558000;17804855555;18304855555;10240;10228
3808;17866562000;17804855555;18304855555;10240;10228
3810;17866568000;17846222222;18346222222;10240;10228
3811;17866576000;17846222222;18346222222;10240;10228
3812;17866589000;17846222222;18346222222;10240;10228
3813;17866594000;17846222222;18346222222;10240;10228
3814;17866598000;17846222222;18346222222;10240;10228
3815;17866602000;17846222222;18346222222;10240;10228
3816;17866606000;17846266666;18346266666;10240;10228
3809;17907241000;17846222222;18346222222;10240;10228
3817;17908217000;17846555555;18346555555;10240;10228
3818;17908225000;17846555555;18346555555;10240;10228
3819;17908245000;17846555555;18346555555;10240;10228
3820;17908251000;17887888888;18387888888;10240;10228
3821;17908255000;17887888888;18387888888;10240;10228
3822;17908260000;17887888888;18387888888;10240;10228
3823;17908264000;17887888888;18387888888;10240;10228
3824;17908269000;17887888888;18387888888;10240;10228
3825;17908273000;17887888888;18387888888;10240;10228
3826;17908284000;17887888888;18387888888;10240;10228
3827;17908289000;17887944444;18387944444;10240;10228
3828;17949936000;17888277777;18388277777;10240;10228
3829;17949947000;17888277777;18388277777;10240;10228
3830;17949955000;17888277777;18388277777;10240;10228
3831;17949961000;17929588888;18429588888;10240;10228
3832;17949966000;17929588888;18429588888;10240;10228
3833;17949971000;17929588888;18429588888;10240;10228
3834;17949975000;17929588888;18429588888;10240;10228
3835;17949980000;17929588888;18429588888;10240;10228
3836;17949984000;17929588888;18429588888;10240;10228
3837;17949988000;17929588888;18429588888;10240;10228
3838;17949992000;17929633333;18429633333;10240;10228
3839;17991547000;17929900000;18429900000;10240;10228
3840;17991558000;17929900000;18429900000;10240;10228
3841;17991563000;17929900000;18429900000;10240;10228
3842;17991569000;17971222222;18471222222;10240;10228
3843;17991574000;17971222222;18471222222;10240;10228
3844;17991583000;17971222222;18471222222;10240;10228
3845;17991588000;17971222222;18471222222;10240;10228
3846;17991592000;17971222222;18471222222;10240;10228
3847;17991596000;17971222222;18471222222;10240;10228
3848;17991602000;17971222222;18471222222;10240;10228
3849;17991605000;17971277777;18471277777;10240;10228
3850;18033242000;17971566666;18471566666;10240;10228
3851;18033251000;17971566666;18471566666;10240;10228
3852;18033260000;17971566666;18471566666;10240;10228
3853;18033265000;18012888888;18512888888;10240;10228
3854;18033270000;18012888888;18512888888;10240;10228
3855;18033275000;18012888888;18512888888;10240;10228
3856;18033281000;18012888888;18512888888;10240;10228
3857;18033286000;18012888888;18512888888;10240;10228
3858;18033290000;18012888888;18512888888;10240;10228
3859;18033294000;18012888888;18512888888;10240;10228
3860;18033303000;18012944444;18512944444;10240;10228
3861;18074884000;18013255555;18513255555;10240;10228
3862;18074894000;18013255555;18513255555;10240;10228
3863;18074900000;18013255555;18513255555;10240;10228
3864;18074904000;18054555555;18554555555;10240;10228
3865;18074908000;18054555555;18554555555;10240;10228
3866;18074913000;18054555555;18554555555;10240;10228
3867;18074917000;18054555555;18554555555;10240;10228
3868;18074922000;18054555555;18554555555;10240;10228
3869;18074926000;18054555555;18554555555;10240;10228
3870;18074931000;18054555555;18554555555;10240;10228
3871;18074935000;18054611111;18554611111;10240;10228
3872;18116581000;18054888888;18554888888;10240;10228
3873;18116591000;18054888888;18554888888;10240;10228
3874;18116596000;18054888888;18554888888;10240;10228
3875;18116604000;18096255555;18596255555;10240;10228
3876;18116609000;18096255555;18596255555;10240;10228
3877;18116613000;18096255555;18596255555;10240;10228
3878;18116617000;18096255555;18596255555;10240;10228
3879;18116621000;18096255555;18596255555;10240;10228
3880;18116625000;18096255555;18596255555;10240;10228
3881;18116638000;18096255555;18596255555;10240;10228
3882;18116642000;18096300000;18596300000;10240;10228
3883;18158217000;18096577777;18596577777;10240;10228
3884;18158227000;18096577777;18596577777;10240;10228
3885;18158233000;18096577777;18596577777;10240;10228
3886;18158236000;18137900000;18637900000;10240;10228
3887;18158241000;18137900000;18637900000;10240;10228
3888;18158250000;18137900000;18637900000;10240;10228
3889;18158255000;18137900000;18637900000;10240;10228
3890;18158259000;18137900000;18637900000;10240;10228
3891;18158263000;18137900000;18637900000;10240;10228
3892;18158266000;18137900000;18637900000;10240;10228
3893;18158271000;18137944444;18637944444;10240;10228
3894;18199907000;18138233333;18638233333;10240;10228
3895;18199917000;18138233333;18638233333;10240;10228
3896;18199923000;18138233333;18638233333;10240;10228
3897;18199927000;18179555555;18679555555;10240;10228
3898;18199933000;18179555555;18679555555;10240;10228
3899;18199937000;18179555555;18679555555;10240;10228
3900;18199941000;18179555555;18679555555;10240;10228
3901;18199945000;18179555555;18679555555;10240;10228
3902;18199950000;18179555555;18679555555;10240;10228
3903;18199962000;18179555555;18679555555;10240;10228
3904;18199965000;18179611111;18679611111;10240;10228
3905;18241551000;18179877777;18679877777;10240;10228
3906;18241561000;18179877777;18679877777;10240;10228
3907;18241567000;18179877777;18679877777;10240;10228
3908;18241571000;18221222222;18721222222;10240;10228
3909;18241576000;18221222222;18721222222;10240;10228
3910;18241580000;18221222222;18721222222;10240;10228
3911;18241585000;18221222222;18721222222;10240;10228
3912;18241590000;18221222222;18721222222;10240;10228
3913;18241595000;18221222222;18721222222;10240;10228
3914;18241599000;18221222222;18721222222;10240;10228
3915;18241603000;18221277777;18721277777;10240;10228
3916;18283216000;18221577777;18721577777;10240;10228
3917;18283227000;18221577777;18721577777;10240;10228
3918;18283232000;18221577777;18721577777;10240;10228
3919;18283236000;18262888888;18762888888;10240;10228
3920;18283242000;18262888888;18762888888;10240;10228
3921;18283246000;18262888888;18762888888;10240;10228
3922;18283251000;18262888888;18762888888;10240;10228
3923;18283256000;18262888888;18762888888;10240;10228
3924;18283261000;18262888888;18762888888;10240;10228
3925;18283265000;18262888888;18762888888;10240;10228
3926;18283270000;18262944444;18762944444;10240;10228
3927;18324905000;18263255555;18763255555;10240;10228
3928;18324916000;18263255555;18763255555;10240;10228
3929;18324921000;18263255555;18763255555;10240;10228
3930;18324925000;18304555555;18804555555;10240;10228
3931;18324929000;18304555555;18804555555;10240;10228
3932;18324938000;18304555555;18804555555;10240;10228
3933;18324947000;18304555555;18804555555;10240;10228
3934;18324955000;18304555555;18804555555;10240;10228
3935;18324960000;18304555555;18804555555;10240;10228
3936;18324967000;18304555555;18804555555;10240;10228
3937;18324972000;18304611111;18804611111;10240;10228
3938;18366549000;18304866666;18804866666;10240;10228
3939;18366560000;18304866666;18804866666;10240;10228
3940;18366565000;18304866666;18804866666;10240;10228
3941;18366568000;18346222222;18846222222;10240;10228
3942;18366574000;18346222222;18846222222;10240;10228
3943;18366578000;18346222222;18846222222;10240;10228
3944;18366583000;18346222222;18846222222;10240;10228
3945;18366587000;18346222222;18846222222;10240;10228
3946;18366592000;18346222222;18846222222;10240;10228
3947;18366596000;18346222222;18846222222;10240;10228
3948;18366600000;18346277777;18846277777;10240;10228
3949;18408239000;18346566666;18846566666;10240;10228
3950;18408251000;18346566666;18846566666;10240;10228
3951;18408259000;18346566666;18846566666;10240;10228
3952;18408265000;18387888888;18887888888;10240;10228
3953;18408269000;18387888888;18887888888;10240;10228
3954;18408273000;18387888888;18887888888;10240;10228
3955;18408277000;18387888888;18887888888;10240;10228
3956;18408281000;18387888888;18887888888;10240;10228
3957;18408286000;18387888888;18887888888;10240;10228
3958;18408289000;18387888888;18887888888;10240;10228
3959;18408298000;18387944444;18887944444;10240;10228
3960;18449884000;18388255555;18888255555;10240;10228
3961;18449895000;18388255555;18888255555;10240;10228
3962;18449903000;18388255555;18888255555;10240;10228
3963;18449909000;18429566666;18929566666;10240;10228
3964;18449913000;18429566666;18929566666;10240;10228
3965;18449919000;18429566666;18929566666;10240;10228
3966;18449923000;18429566666;18929566666;10240;10228
3967;18449926000;18429566666;18929566666;10240;10228
3968;18449930000;18429566666;18929566666;10240;10228
3969;18449934000;18429566666;18929566666;10240;10228
3970;18449943000;18429611111;18929611111;10240;10228
3971;18491549000;18429888888;18929888888;10240;10228
3972;18491561000;18429888888;18929888888;10240;10228
3973;18491568000;18429888888;18929888888;10240;10228
3974;18491574000;18471222222;18971222222;10240;10228
3975;18491578000;18471222222;18971222222;10240;10228
3976;18491583000;18471222222;18971222222;10240;10228
3977;18491587000;18471222222;18971222222;10240;10228
3978;18491593000;18471222222;18971222222;10240;10228
3979;18491602000;18471222222;18971222222;10240;10228
3980;18491607000;18471222222;18971222222;10240;10228
3981;18491618000;18471277777;18971277777;10240;10228
3982;18533241000;18471577777;18971577777;10240;10228
3983;18533252000;18471577777;18971577777;10240;10228
3984;18533258000;18471577777;18971577777;10240;10228
3985;18533263000;18512888888;19012888888;10240;10228
3986;18533271000;18512888888;19012888888;10240;10228
3987;18533277000;18512888888;19012888888;10240;10228
3988;18533281000;18512888888;19012888888;10240;10228
3989;18533285000;18512888888;19012888888;10240;10228
3990;18533289000;18512888888;19012888888;10240;10228
3991;18533294000;18512888888;19012888888;10240;10228
3992;18533298000;18512944444;19012944444;10240;10228
3993;18574905000;18513233333;19013233333;10240;10228
3994;18574916000;18513233333;19013233333;10240;10228
3995;18574921000;18513233333;19013233333;10240;10228
3996;18574926000;18554555555;19054555555;10240;10228
3997;18574930000;18554555555;19054555555;10240;10228
3998;18574934000;18554555555;19054555555;10240;10228
3999;18574938000;18554555555;19054555555;10240;10228
4000;18574944000;18554555555;19054555555;10240;10228
4001;18574951000;18554555555;19054555555;10240;10228
4002;18574956000;18554555555;19054555555;10240;10228
4003;18574959000;18554611111;19054611111;10240;10228
4004;18616570000;18554877777;19054877777;10240;10228
4005;18616582000;18554877777;19054877777;10240;10228
4006;18616586000;18554877777;19054877777;10240;10228
4007;18616595000;18596222222;19096222222;10240;10228
4008;18616600000;18596222222;19096222222;10240;10228
4009;18616604000;18596222222;19096222222;10240;10228
4010;18616610000;18596222222;19096222222;10240;10228
4011;18616614000;18596222222;19096222222;10240;10228
4012;18616621000;18596222222;19096222222;10240;10228
4013;18616626000;18596222222;19096222222;10240;10228
4014;18616630000;18596277777;19096277777;10240;10228
4015;18658227000;18596566666;19096566666;10240;10228
4016;18658237000;18596566666;19096566666;10240;10228
4017;18658242000;18596566666;19096566666;10240;10228
4018;18658246000;18637900000;19137900000;10240;10228
4019;18658250000;18637900000;19137900000;10240;10228
4020;18658254000;18637900000;19137900000;10240;10228
4021;18658258000;18637900000;19137900000;10240;10228
4022;18658263000;18637900000;19137900000;10240;10228
4023;18658267000;18637900000;19137900000;10240;10228
4024;18658272000;18637900000;19137900000;10240;10228
4025;18658276000;18637944444;19137944444;10240;10228
4026;18699911000;18638255555;19138255555;10240;10228
4027;18699925000;18638255555;19138255555;10240;10228
4028;18699933000;18638255555;19138255555;10240;10228
4029;18699938000;18679555555;19179555555;10240;10228
4030;18699942000;18679555555;19179555555;10240;10228
4031;18699946000;18679555555;19179555555;10240;10228
4032;18699951000;18679555555;19179555555;10240;10228
4033;18699955000;18679555555;19179555555;10240;10228
4034;18699959000;18679555555;19179555555;10240;10228
4035;18699964000;18679555555;19179555555;10240;10228
4036;18699968000;18679611111;19179611111;10240;10228
4037;18741566000;18679888888;19179888888;10240;10228
4038;18741577000;18679888888;19179888888;10240;10228
4039;18741587000;18679888888;19179888888;10240;10228
4040;18741591000;18721222222;19221222222;10240;10228
4041;18741596000;18721222222;19221222222;10240;10228
4042;18741603000;18721222222;19221222222;10240;10228
4043;18741608000;18721222222;19221222222;10240;10228
4044;18741613000;18721222222;19221222222;10240;10228
4045;18741617000;18721222222;19221222222;10240;10228
4046;18741621000;18721222222;19221222222;10240;10228
4047;18741634000;18721277777;19221277777;10240;10228
4048;18783248000;18721588888;19221588888;10240;10228
4049;18783258000;18721588888;19221588888;10240;10228
4050;18783263000;18721588888;19221588888;10240;10228
4051;18783267000;18762888888;19262888888;10240;10228
4052;18783272000;18762888888;19262888888;10240;10228
4053;18783276000;18762888888;19262888888;10240;10228
4054;18783284000;18762888888;19262888888;10240;10228
4055;18783288000;18762888888;19262888888;10240;10228
4056;18783292000;18762888888;19262888888;10240;10228
4057;18783296000;18762888888;19262888888;10240;10228
4058;18783316000;18762944444;19262944444;10240;10228
4059;18824882000;18763244444;19263244444;10240;10228
4060;18824892000;18763244444;19263244444;10240;10228
4061;18824897000;18763244444;19263244444;10240;10228
4062;18824901000;18804555555;19304555555;10240;10228
4063;18824906000;18804555555;19304555555;10240;10228
4064;18824911000;18804555555;19304555555;10240;10228
4065;18824920000;18804555555;19304555555;10240;10228
4066;18824925000;18804555555;19304555555;10240;10228
4067;18824929000;18804555555;19304555555;10240;10228
4068;18824933000;18804555555;19304555555;10240;10228
4069;18824940000;18804600000;19304600000;10240;10228
4070;18866548000;18804855555;19304855555;10240;10228
4071;18866556000;18804855555;19304855555;10240;10228
4072;18866565000;18804855555;19304855555;10240;10228
4073;18866569000;18846233333;19346233333;10240;10228
4074;18866578000;18846233333;19346233333;10240;10228
4075;18866582000;18846233333;19346233333;10240;10228
4076;18866588000;18846233333;19346233333;10240;10228
4077;18866592000;18846233333;19346233333;10240;10228
4078;18866596000;18846233333;19346233333;10240;10228
4079;18866600000;18846233333;19346233333;10240;10228
4080;18866610000;18846277777;19346277777;10240;10228
4081;18908211000;18846566666;19346566666;10240;10228
4082;18908219000;18846566666;19346566666;10240;10228
4083;18908227000;18846566666;19346566666;10240;10228
4084;18908236000;18887888888;19387888888;10240;10228
4085;18908242000;18887888888;19387888888;10240;10228
4086;18908246000;18887888888;19387888888;10240;10228
4087;18908251000;18887888888;19387888888;10240;10228
4088;18908255000;18887888888;19387888888;10240;10228
4089;18908259000;18887888888;19387888888;10240;10228
4090;18908263000;18887888888;19387888888;10240;10228
4091;18908271000;18887944444;19387944444;10240;10228
4092;18949880000;18888255555;19388255555;10240;10228
4093;18949888000;18888255555;19388255555;10240;10228
4094;18949894000;18888255555;19388255555;10240;10228
4095;18949905000;18929555555;19429555555;10240;10228
4096;18949910000;18929555555;19429555555;10240;10228
4097;18949914000;18929555555;19429555555;10240;10228
4098;18949919000;18929555555;19429555555;10240;10228
4099;18949927000;18929555555;19429555555;10240;10228
4100;18949932000;18929555555;19429555555;10240;10228
4101;18949936000;18929555555;19429555555;10240;10228
4102;18949944000;18929611111;19429611111;10240;10228
4103;18991544000;18929900000;19429900000;10240;10228
4104;18991554000;18929900000;19429900000;10240;10228
4105;18991559000;18929900000;19429900000;10240;10228
4106;18991563000;18971222222;19471222222;10240;10228
4107;18991568000;18971222222;19471222222;10240;10228
4108;18991581000;18971222222;19471222222;10240;10228
4109;18991586000;18971222222;19471222222;10240;10228
4110;18991590000;18971222222;19471222222;10240;10228
4111;18991599000;18971222222;19471222222;10240;10228
4112;18991606000;18971222222;19471222222;10240;10228
4113;18991611000;18971277777;19471277777;10240;10228
4114;19033235000;18971577777;19471577777;10240;10228
4115;19033243000;18971577777;19471577777;10240;10228
4116;19033247000;18971577777;19471577777;10240;10228
4117;19033259000;19012888888;19512888888;10240;10228
4118;19033265000;19012888888;19512888888;10240;10228
4119;19033270000;19012888888;19512888888;10240;10228
4120;19033274000;19012888888;19512888888;10240;10228
4121;19033278000;19012888888;19512888888;10240;10228
4122;19033282000;19012888888;19512888888;10240;10228
4123;19033286000;19012888888;19512888888;10240;10228
4124;19033293000;19012944444;19512944444;10240;10228
4125;19074910000;19013255555;19513255555;10240;10228
4126;19074922000;19013255555;19513255555;10240;10228
4127;19074926000;19013255555;19513255555;10240;10228
4128;19074931000;19054555555;19554555555;10240;10228
4129;19074935000;19054555555;19554555555;10240;10228
4130;19074941000;19054555555;19554555555;10240;10228
4131;19074945000;19054555555;19554555555;10240;10228
4132;19074949000;19054555555;19554555555;10240;10228
4133;19074953000;19054555555;19554555555;10240;10228
4134;19074957000;19054555555;19554555555;10240;10228
4135;19074969000;19054611111;19554611111;10240;10228
4136;19116585000;19054888888;19554888888;10240;10228
4137;19116598000;19054888888;19554888888;10240;10228
4138;19116603000;19054888888;19554888888;10240;10228
4139;19116607000;19096222222;19596222222;10240;10228
4140;19116611000;19096222222;19596222222;10240;10228
4141;19116621000;19096222222;19596222222;10240;10228
4142;19116625000;19096222222;19596222222;10240;10228
4143;19116630000;19096222222;19596222222;10240;10228
4144;19116635000;19096222222;19596222222;10240;10228
4145;19116639000;19096222222;19596222222;10240;10228
4146;19116652000;19096277777;19596277777;10240;10228
4147;19158237000;19096555555;19596555555;10240;10228
4148;19158249000;19096555555;19596555555;10240;10228
4149;19158253000;19096555555;19596555555;10240;10228
4150;19158261000;19137900000;19637900000;10240;10228
4151;19158265000;19137900000;19637900000;10240;10228
4152;19158270000;19137900000;19637900000;10240;10228
4153;19158274000;19137900000;19637900000;10240;10228
4154;19158284000;19137900000;19637900000;10240;10228
4155;19158288000;19137900000;19637900000;10240;10228
4156;19158293000;19137900000;19637900000;10240;10228
4157;19158297000;19137955555;19637955555;10240;10228
4158;19199862000;19138255555;19638255555;10240;10228
4159;19199871000;19138255555;19638255555;10240;10228
4160;19199876000;19138255555;19638255555;10240;10228
4161;19199885000;19179555555;19679555555;10240;10228
4162;19199890000;19179555555;19679555555;10240;10228
4163;19199895000;19179555555;19679555555;10240;10228
4164;19199899000;19179555555;19679555555;10240;10228
4165;19199904000;19179555555;19679555555;10240;10228
4166;19199908000;19179555555;19679555555;10240;10228
4167;19199913000;19179555555;19679555555;10240;10228
4168;19199917000;19179611111;19679611111;10240;10228
4169;19241547000;19179877777;19679877777;10240;10228
4170;19241554000;19179877777;19679877777;10240;10228
4171;19241559000;19179877777;19679877777;10240;10228
4172;19241571000;19221222222;19721222222;10240;10228
4173;19241577000;19221222222;19721222222;10240;10228
4174;19241581000;19221222222;19721222222;10240;10228
4175;19241586000;19221222222;19721222222;10240;10228
4176;19241591000;19221222222;19721222222;10240;10228
4177;19241595000;19221222222;19721222222;10240;10228
4178;19241599000;19221222222;19721222222;10240;10228
4179;19241605000;19221277777;19721277777;10240;10228
4180;19283215000;19221588888;19721588888;10240;10228
4181;19283222000;19221588888;19721588888;10240;10228
4182;19283229000;19221588888;19721588888;10240;10228
4183;19283238000;19262888888;19762888888;10240;10228
4184;19283244000;19262888888;19762888888;10240;10228
4185;19283248000;19262888888;19762888888;10240;10228
4186;19283252000;19262888888;19762888888;10240;10228
4187;19283256000;19262888888;19762888888;10240;10228
4188;19283261000;19262888888;19762888888;10240;10228
4189;19283269000;19262888888;19762888888;10240;10228
4190;19283274000;19262944444;19762944444;10240;10228
4191;19324902000;19263255555;19763255555;10240;10228
4192;19324910000;19263255555;19763255555;10240;10228
4193;19324915000;19263255555;19763255555;10240;10228
4196;19324923000;19304555555;19804555555;10240;10228
4197;19324937000;19304555555;19804555555;10240;10228
4198;19324943000;19304555555;19804555555;10240;10228
4199;19324948000;19304555555;19804555555;10240;10228
4200;19324955000;19304555555;19804555555;10240;10228
4201;19324960000;19304611111;19804611111;10240;10228
4194;19365542000;19304555555;19804555555;10240;10228
4195;19365565000;19304555555;19804555555;10240;10228
4202;19366554000;19304866666;19804866666;10240;10228
4203;19366559000;19304866666;19804866666;10240;10228
4204;19366566000;19304866666;19804866666;10240;10228
4205;19366570000;19346244444;19846244444;10240;10228
4206;19366575000;19346244444;19846244444;10240;10228
4207;19366579000;19346244444;19846244444;10240;10228
4208;19366584000;19346244444;19846244444;10240;10228
4209;19366592000;19346244444;19846244444;10240;10228
4210;19366599000;19346244444;19846244444;10240;10228
4211;19366603000;19346244444;19846244444;10240;10228
4212;19366613000;19346288888;19846288888;10240;10228
4213;19408265000;19346600000;19846600000;10240;10228
4214;19408275000;19346600000;19846600000;10240;10228
4215;19408280000;19346600000;19846600000;10240;10228
4216;19408284000;19387911111;19887911111;10240;10228
4217;19408289000;19387911111;19887911111;10240;10228
4218;19408293000;19387911111;19887911111;10240;10228
4219;19408298000;19387911111;19887911111;10240;10228
4220;19408303000;19387911111;19887911111;10240;10228
4221;19408307000;19387911111;19887911111;10240;10228
4222;19408311000;19387911111;19887911111;10240;10228
4223;19408314000;19387966666;19887966666;10240;10228
4224;19449910000;19388288888;19888288888;10240;10228
4225;19449921000;19388288888;19888288888;10240;10228
4226;19449928000;19388288888;19888288888;10240;10228
4227;19449932000;19429555555;19929555555;10240;10228
4228;19449940000;19429555555;19929555555;10240;10228
4229;19449944000;19429555555;19929555555;10240;10228
4230;19449950000;19429555555;19929555555;10240;10228
4231;19449954000;19429555555;19929555555;10240;10228
4232;19449960000;19429555555;19929555555;10240;10228
4233;19449964000;19429555555;19929555555;10240;10228
4234;19449969000;19429611111;19929611111;10240;10228
4235;19491572000;19429888888;19929888888;10240;10228
4236;19491583000;19429888888;19929888888;10240;10228
4237;19491587000;19429888888;19929888888;10240;10228
4238;19491591000;19471222222;19971222222;10240;10228
4239;19491596000;19471222222;19971222222;10240;10228
4240;19491605000;19471222222;19971222222;10240;10228
4241;19491610000;19471222222;19971222222;10240;10228
4242;19491614000;19471222222;19971222222;10240;10228
4243;19491618000;19471222222;19971222222;10240;10228
4244;19491624000;19471222222;19971222222;10240;10228
4245;19491629000;19471277777;19971277777;10240;10228
4246;19533217000;19471588888;19971588888;10240;10228
4247;19533233000;19471588888;19971588888;10240;10228
4248;19533237000;19471588888;19971588888;10240;10228
4249;19533242000;19512888888;20012888888;10240;10228
4250;19533246000;19512888888;20012888888;10240;10228
4251;19533250000;19512888888;20012888888;10240;10228
4252;19533255000;19512888888;20012888888;10240;10228
4253;19533259000;19512888888;20012888888;10240;10228
4254;19533264000;19512888888;20012888888;10240;10228
4255;19533269000;19512888888;20012888888;10240;10228
4256;19533275000;19512944444;20012944444;10240;10228
4257;19574921000;19513255555;20013255555;10240;10228
4258;19574933000;19513255555;20013255555;10240;10228
4259;19574942000;19513255555;20013255555;10240;10228
4260;19574948000;19554555555;20054555555;10240;10228
4261;19574952000;19554555555;20054555555;10240;10228
4262;19574959000;19554555555;20054555555;10240;10228
4263;19574967000;19554555555;20054555555;10240;10228
4264;19574972000;19554555555;20054555555;10240;10228
4265;19574977000;19554555555;20054555555;10240;10228
4266;19574980000;19554555555;20054555555;10240;10228
4267;19574985000;19554611111;20054611111;10240;10228
4268;19616560000;19554877777;20054877777;10240;10228
4269;19616572000;19554877777;20054877777;10240;10228
4270;19616578000;19554877777;20054877777;10240;10228
4271;19616583000;19596222222;20096222222;10240;10228
4272;19616587000;19596222222;20096222222;10240;10228
4273;19616592000;19596222222;20096222222;10240;10228
4274;19616597000;19596222222;20096222222;10240;10228
4275;19616602000;19596222222;20096222222;10240;10228
4276;19616605000;19596222222;20096222222;10240;10228
4277;19616609000;19596222222;20096222222;10240;10228
4278;19616612000;19596277777;20096277777;10240;10228
4279;19658244000;19596577777;20096577777;10240;10228
4280;19658256000;19596577777;20096577777;10240;10228
4281;19658261000;19596577777;20096577777;10240;10228
4282;19658266000;19637900000;20137900000;10240;10228
4283;19658270000;19637900000;20137900000;10240;10228
4284;19658275000;19637900000;20137900000;10240;10228
4285;19658279000;19637900000;20137900000;10240;10228
4286;19658284000;19637900000;20137900000;10240;10228
4287;19658287000;19637900000;20137900000;10240;10228
4288;19658291000;19637900000;20137900000;10240;10228
4290;19699910000;19638277777;20138277777;10240;10228
4291;19699935000;19638277777;20138277777;10240;10228
4292;19699941000;19638277777;20138277777;10240;10228
4293;19699946000;19679555555;20179555555;10240;10228
4294;19699957000;19679555555;20179555555;10240;10228
4295;19699965000;19679555555;20179555555;10240;10228
4296;19699971000;19679555555;20179555555;10240;10228
4297;19699977000;19679555555;20179555555;10240;10228
4298;19699982000;19679555555;20179555555;10240;10228
4299;19699985000;19679555555;20179555555;10240;10228
4300;19699990000;19679611111;20179611111;10240;10228
4289;19740596000;19637944444;20137944444;10240;10228
4301;19741635000;19679900000;20179900000;10240;10228
4302;19741645000;19679900000;20179900000;10240;10228
4303;19741651000;19679900000;20179900000;10240;10228
4304;19741656000;19721266666;20221266666;10240;10228
4305;19741661000;19721266666;20221266666;10240;10228
4306;19741667000;19721266666;20221266666;10240;10228
4307;19741671000;19721266666;20221266666;10240;10228
4308;19741676000;19721266666;20221266666;10240;10228
4309;19741680000;19721266666;20221266666;10240;10228
4310;19741684000;19721266666;20221266666;10240;10228
4311;19741688000;19721311111;20221311111;10240;10228
4312;19783271000;19721622222;20221622222;10240;10228
4313;19783282000;19721622222;20221622222;10240;10228
4314;19783290000;19721622222;20221622222;10240;10228
4315;19783296000;19762922222;20262922222;10240;10228
4316;19783300000;19762922222;20262922222;10240;10228
4317;19783307000;19762922222;20262922222;10240;10228
4318;19783311000;19762922222;20262922222;10240;10228
4319;19783315000;19762922222;20262922222;10240;10228
4320;19783319000;19762922222;20262922222;10240;10228
4321;19783324000;19762922222;20262922222;10240;10228
4322;19783328000;19762966666;20262966666;10240;10228
4323;19824900000;19763288888;20263288888;10240;10228
4324;19824910000;19763288888;20263288888;10240;10228
4325;19824915000;19763288888;20263288888;10240;10228
4326;19824920000;19804555555;20304555555;10240;10228
4327;19824927000;19804555555;20304555555;10240;10228
4328;19824933000;19804555555;20304555555;10240;10228
4329;19824937000;19804555555;20304555555;10240;10228
4330;19824942000;19804555555;20304555555;10240;10228
4331;19824947000;19804555555;20304555555;10240;10228
4332;19824951000;19804555555;20304555555;10240;10228
4333;19824955000;19804611111;20304611111;10240;10228
4334;19866579000;19804866666;20304866666;10240;10228
4335;19866590000;19804866666;20304866666;10240;10228
4336;19866599000;19804866666;20304866666;10240;10228
4337;19866604000;19846222222;20346222222;10240;10228
4338;19866609000;19846222222;20346222222;10240;10228
4339;19866613000;19846222222;20346222222;10240;10228
4340;19866619000;19846222222;20346222222;10240;10228
4341;19866624000;19846222222;20346222222;10240;10228
4342;19866629000;19846222222;20346222222;10240;10228
4343;19866633000;19846222222;20346222222;10240;10228
4344;19866637000;19846266666;20346266666;10240;10228
4345;19908249000;19846566666;20346566666;10240;10228
4346;19908260000;19846566666;20346566666;10240;10228
4347;19908265000;19846566666;20346566666;10240;10228
4348;19908269000;19887888888;20387888888;10240;10228
4349;19908274000;19887888888;20387888888;10240;10228
4350;19908278000;19887888888;20387888888;10240;10228
4351;19908282000;19887888888;20387888888;10240;10228
4352;19908290000;19887888888;20387888888;10240;10228
4353;19908295000;19887888888;20387888888;10240;10228
4354;19908300000;19887888888;20387888888;10240;10228
4355;19908304000;19887944444;20387944444;10240;10228
4356;19949908000;19888266666;20388266666;10240;10228
4357;19949918000;19888266666;20388266666;10240;10228
4358;19949924000;19888266666;20388266666;10240;10228
4359;19949933000;19929555555;20429555555;10240;10228
4360;19949940000;19929555555;20429555555;10240;10228
4361;19949949000;19929555555;20429555555;10240;10228
4362;19949954000;19929555555;20429555555;10240;10228
4364;19949958000;19929555555;20429555555;10240;10228
4365;19949971000;19929555555;20429555555;10240;10228
4366;19949977000;19929611111;20429611111;10240;10228
4363;19990594000;19929555555;20429555555;10240;10228
4367;19991597000;19929888888;20429888888;10240;10228
4368;19991607000;19929888888;20429888888;10240;10228
4369;19991612000;19929888888;20429888888;10240;10228
4370;19991616000;19971233333;20471233333;10240;10228
4371;19991621000;19971233333;20471233333;10240;10228
4372;19991625000;19971233333;20471233333;10240;10228
4373;19991630000;19971233333;20471233333;10240;10228
4374;19991634000;19971233333;20471233333;10240;10228
4375;19991640000;19971233333;20471233333;10240;10228
4376;19991644000;19971233333;20471233333;10240;10228
4377;19991647000;19971277777;20471277777;10240;10228
4378;20033273000;19971600000;20471600000;10240;10228
4379;20033285000;19971600000;20471600000;10240;10228
4380;20033291000;19971600000;20471600000;10240;10228
4381;20033296000;20012922222;20512922222;10240;10228
4382;20033303000;20012922222;20512922222;10240;10228
4383;20033307000;20012922222;20512922222;10240;10228
4384;20033312000;20012922222;20512922222;10240;10228
4385;20033318000;20012922222;20512922222;10240;10228
4386;20033322000;20012922222;20512922222;10240;10228
4387;20033326000;20012922222;20512922222;10240;10228
4388;20033331000;20012966666;20512966666;10240;10228
4389;20074911000;20013300000;20513300000;10240;10228
4390;20074922000;20013300000;20513300000;10240;10228
4391;20074927000;20013300000;20513300000;10240;10228
4392;20074931000;20054566666;20554566666;10240;10228
4393;20074936000;20054566666;20554566666;10240;10228
4394;20074940000;20054566666;20554566666;10240;10228
4395;20074946000;20054566666;20554566666;10240;10228
4396;20074950000;20054566666;20554566666;10240;10228
4397;20074955000;20054566666;20554566666;10240;10228
4398;20074958000;20054566666;20554566666;10240;10228
4399;20074963000;20054611111;20554611111;10240;10228
4400;20116563000;20054911111;20554911111;10240;10228
4401;20116574000;20054911111;20554911111;10240;10228
4402;20116579000;20054911111;20554911111;10240;10228
4403;20116583000;20096222222;20596222222;10240;10228
4404;20116589000;20096222222;20596222222;10240;10228
4405;20116594000;20096222222;20596222222;10240;10228
4406;20116600000;20096222222;20596222222;10240;10228
4407;20116607000;20096222222;20596222222;10240;10228
4408;20116612000;20096222222;20596222222;10240;10228
4409;20116616000;20096222222;20596222222;10240;10228
4410;20116621000;20096277777;20596277777;10240;10228
4411;20158274000;20096566666;20596566666;10240;10228
4412;20158285000;20096566666;20596566666;10240;10228
4413;20158293000;20096566666;20596566666;10240;10228
4414;20158298000;20137888888;20637888888;10240;10228
4415;20158303000;20137888888;20637888888;10240;10228
4416;20158308000;20137888888;20637888888;10240;10228
4417;20158312000;20137888888;20637888888;10240;10228
4418;20158317000;20137888888;20637888888;10240;10228
4419;20158322000;20137888888;20637888888;10240;10228
4420;20158326000;20137888888;20637888888;10240;10228
4421;20158330000;20137944444;20637944444;10240;10228
4422;20199910000;20138255555;20638255555;10240;10228
4423;20199926000;20138255555;20638255555;10240;10228
4424;20199935000;20138255555;20638255555;10240;10228
4425;20199940000;20179555555;20679555555;10240;10228
4426;20199946000;20179555555;20679555555;10240;10228
4427;20199951000;20179555555;20679555555;10240;10228
4428;20199955000;20179555555;20679555555;10240;10228
4429;20199960000;20179555555;20679555555;10240;10228
4430;20199964000;20179555555;20679555555;10240;10228
4431;20199968000;20179555555;20679555555;10240;10228
4432;20199973000;20179611111;20679611111;10240;10228
4433;20241565000;20179888888;20679888888;10240;10228
4434;20241581000;20179888888;20679888888;10240;10228
4435;20241586000;20179888888;20679888888;10240;10228
4436;20241591000;20221222222;20721222222;10240;10228
4437;20241597000;20221222222;20721222222;10240;10228
4438;20241602000;20221222222;20721222222;10240;10228
4439;20241606000;20221222222;20721222222;10240;10228
4440;20241611000;20221222222;20721222222;10240;10228
4441;20241615000;20221222222;20721222222;10240;10228
4442;20241618000;20221222222;20721222222;10240;10228
4443;20241632000;20221277777;20721277777;10240;10228
4444;20283245000;20221600000;20721600000;10240;10228
4445;20283257000;20221600000;20721600000;10240;10228
4446;20283263000;20221600000;20721600000;10240;10228
4447;20283272000;20262888888;20762888888;10240;10228
4448;20283277000;20262888888;20762888888;10240;10228
4449;20283284000;20262888888;20762888888;10240;10228
4450;20283288000;20262888888;20762888888;10240;10228
4451;20283293000;20262888888;20762888888;10240;10228
4452;20283297000;20262888888;20762888888;10240;10228
4453;20283300000;20262888888;20762888888;10240;10228
4454;20283304000;20262944444;20762944444;10240;10228
4455;20324910000;20263266666;20763266666;10240;10228
4456;20324922000;20263266666;20763266666;10240;10228
4457;20324927000;20263266666;20763266666;10240;10228
4458;20324937000;20304555555;20804555555;10240;10228
4459;20324942000;20304555555;20804555555;10240;10228
4460;20324946000;20304555555;20804555555;10240;10228
4461;20324950000;20304555555;20804555555;10240;10228
4462;20324958000;20304555555;20804555555;10240;10228
4463;20324962000;20304555555;20804555555;10240;10228
4464;20324967000;20304555555;20804555555;10240;10228
4465;20324970000;20304611111;20804611111;10240;10228
4466;20366581000;20304877777;20804877777;10240;10228
4467;20366598000;20304877777;20804877777;10240;10228
4468;20366603000;20304877777;20804877777;10240;10228
4469;20366609000;20346222222;20846222222;10240;10228
4470;20366613000;20346222222;20846222222;10240;10228
4471;20366619000;20346222222;20846222222;10240;10228
4472;20366623000;20346222222;20846222222;10240;10228
4473;20366628000;20346222222;20846222222;10240;10228
4474;20366632000;20346222222;20846222222;10240;10228
4475;20366637000;20346222222;20846222222;10240;10228
4476;20366641000;20346277777;20846277777;10240;10228
4477;20408244000;20346588888;20846588888;10240;10228
4478;20408255000;20346588888;20846588888;10240;10228
4479;20408261000;20346588888;20846588888;10240;10228
4480;20408265000;20387888888;20887888888;10240;10228
4481;20408270000;20387888888;20887888888;10240;10228
4482;20408275000;20387888888;20887888888;10240;10228
4483;20408279000;20387888888;20887888888;10240;10228
4484;20408289000;20387888888;20887888888;10240;10228
4485;20408294000;20387888888;20887888888;10240;10228
4486;20408299000;20387888888;20887888888;10240;10228
4487;20408303000;20387944444;20887944444;10240;10228
4488;20449912000;20388244444;20888244444;10240;10228
4489;20449923000;20388244444;20888244444;10240;10228
4490;20449929000;20388244444;20888244444;10240;10228
4491;20449933000;20429555555;20929555555;10240;10228
4492;20449938000;20429555555;20929555555;10240;10228
4493;20449943000;20429555555;20929555555;10240;10228
4494;20449948000;20429555555;20929555555;10240;10228
4495;20449953000;20429555555;20929555555;10240;10228
4496;20449957000;20429555555;20929555555;10240;10228
4497;20449962000;20429555555;20929555555;10240;10228
4498;20449966000;20429611111;20929611111;10240;10228
4499;20491577000;20429866666;20929866666;10240;10228
4500;20491588000;20429866666;20929866666;10240;10228
4501;20491593000;20429866666;20929866666;10240;10228
4502;20491603000;20471222222;20971222222;10240;10228
4503;20491609000;20471222222;20971222222;10240;10228
4504;20491613000;20471222222;20971222222;10240;10228
4505;20491621000;20471222222;20971222222;10240;10228
4506;20491629000;20471222222;20971222222;10240;10228
4507;20491634000;20471222222;20971222222;10240;10228
4508;20491639000;20471222222;20971222222;10240;10228
4509;20491642000;20471277777;20971277777;10240;10228
4510;20533247000;20471566666;20971566666;10240;10228
4511;20533261000;20471566666;20971566666;10240;10228
4512;20533270000;20471566666;20971566666;10240;10228
4513;20533274000;20512888888;21012888888;10240;10228
4514;20533280000;20512888888;21012888888;10240;10228
4515;20533284000;20512888888;21012888888;10240;10228
4516;20533290000;20512888888;21012888888;10240;10228
4517;20533295000;20512888888;21012888888;10240;10228
4518;20533299000;20512888888;21012888888;10240;10228
4519;20533304000;20512888888;21012888888;10240;10228
4520;20533308000;20512944444;21012944444;10240;10228
4521;20574913000;20513233333;21013233333;10240;10228
4522;20574931000;20513233333;21013233333;10240;10228
4523;20574938000;20513233333;21013233333;10240;10228
4524;20574943000;20554566666;21054566666;10240;10228
4525;20574949000;20554566666;21054566666;10240;10228
4526;20574954000;20554566666;21054566666;10240;10228
4527;20574959000;20554566666;21054566666;10240;10228
4528;20574963000;20554566666;21054566666;10240;10228
4529;20574968000;20554566666;21054566666;10240;10228
4530;20574972000;20554566666;21054566666;10240;10228
4531;20574976000;20554611111;21054611111;10240;10228
4532;20616554000;20554866666;21054866666;10240;10228
4533;20616565000;20554866666;21054866666;10240;10228
4534;20616571000;20554866666;21054866666;10240;10228
4535;20616576000;20596222222;21096222222;10240;10228
4536;20616582000;20596222222;21096222222;10240;10228
4537;20616586000;20596222222;21096222222;10240;10228
4538;20616590000;20596222222;21096222222;10240;10228
4539;20616595000;20596222222;21096222222;10240;10228
4540;20616602000;20596222222;21096222222;10240;10228
4541;20616606000;20596222222;21096222222;10240;10228
4542;20616611000;20596277777;21096277777;10240;10228
4543;20658221000;20596555555;21096555555;10240;10228
4544;20658233000;20596555555;21096555555;10240;10228
4545;20658238000;20596555555;21096555555;10240;10228
4546;20658242000;20637900000;21137900000;10240;10228
4547;20658250000;20637900000;21137900000;10240;10228
4548;20658254000;20637900000;21137900000;10240;10228
4549;20658259000;20637900000;21137900000;10240;10228
4550;20658263000;20637900000;21137900000;10240;10228
4551;20658269000;20637900000;21137900000;10240;10228
4552;20658273000;20637900000;21137900000;10240;10228
4553;20658278000;20637944444;21137944444;10240;10228
4554;20699908000;20638244444;21138244444;10240;10228
4555;20699920000;20638244444;21138244444;10240;10228
4556;20699925000;20638244444;21138244444;10240;10228
4557;20699929000;20679555555;21179555555;10240;10228
4558;20699933000;20679555555;21179555555;10240;10228
4559;20699937000;20679555555;21179555555;10240;10228
4560;20699942000;20679555555;21179555555;10240;10228
4561;20699947000;20679555555;21179555555;10240;10228
4562;20699957000;20679555555;21179555555;10240;10228
4563;20699961000;20679555555;21179555555;10240;10228
4564;20699965000;20679611111;21179611111;10240;10228
4565;20741605000;20679877777;21179877777;10240;10228
4566;20741617000;20679877777;21179877777;10240;10228
4567;20741623000;20679877777;21179877777;10240;10228
4568;20741628000;20721255555;21221255555;10240;10228
4569;20741632000;20721255555;21221255555;10240;10228
4570;20741636000;20721255555;21221255555;10240;10228
4571;20741640000;20721255555;21221255555;10240;10228
4572;20741644000;20721255555;21221255555;10240;10228
4573;20741649000;20721255555;21221255555;10240;10228
4574;20741653000;20721255555;21221255555;10240;10228
4575;20741658000;20721300000;21221300000;10240;10228
4576;20783244000;20721588888;21221588888;10240;10228
4577;20783257000;20721588888;21221588888;10240;10228
4578;20783262000;20721588888;21221588888;10240;10228
4579;20783267000;20762900000;21262900000;10240;10228
4580;20783271000;20762900000;21262900000;10240;10228
4581;20783275000;20762900000;21262900000;10240;10228
4582;20783279000;20762900000;21262900000;10240;10228
4583;20783283000;20762900000;21262900000;10240;10228
4584;20783288000;20762900000;21262900000;10240;10228
4585;20783292000;20762900000;21262900000;10240;10228
4586;20783296000;20762944444;21262944444;10240;10228
4587;20824869000;20763233333;21263233333;10240;10228
4588;20824883000;20763233333;21263233333;10240;10228
4589;20824889000;20763233333;21263233333;10240;10228
4590;20824894000;20804555555;21304555555;10240;10228
4591;20824898000;20804555555;21304555555;10240;10228
4592;20824905000;20804555555;21304555555;10240;10228
4593;20824909000;20804555555;21304555555;10240;10228
4594;20824913000;20804555555;21304555555;10240;10228
4595;20824917000;20804555555;21304555555;10240;10228
4596;20824927000;20804555555;21304555555;10240;10228
4597;20824932000;20804600000;21304600000;10240;10228
4598;20866595000;20804844444;21304844444;10240;10228
4599;20866630000;20804844444;21304844444;10240;10228
4600;20866636000;20804844444;21304844444;10240;10228
4601;20866642000;20846233333;21346233333;10240;10228
4602;20866646000;20846233333;21346233333;10240;10228
4603;20866652000;20846233333;21346233333;10240;10228
4604;20866656000;20846233333;21346233333;10240;10228
4605;20866671000;20846233333;21346233333;10240;10228
4606;20866675000;20846233333;21346233333;10240;10228
4607;20866688000;20846233333;21346233333;10240;10228
4608;20866693000;20846277777;21346277777;10240;10228
4609;20908258000;20846566666;21346566666;10240;10228
4610;20908270000;20846566666;21346566666;10240;10228
4611;20908276000;20846566666;21346566666;10240;10228
4612;20908282000;20887888888;21387888888;10240;10228
4613;20908292000;20887888888;21387888888;10240;10228
4614;20908298000;20887888888;21387888888;10240;10228
4615;20908303000;20887888888;21387888888;10240;10228
4616;20908312000;20887888888;21387888888;10240;10228
4617;20908316000;20887888888;21387888888;10240;10228
4618;20908321000;20887888888;21387888888;10240;10228
4619;20908334000;20887944444;21387944444;10240;10228
4620;20949925000;20888244444;21388244444;10240;10228
4621;20949937000;20888244444;21388244444;10240;10228
4622;20949945000;20888244444;21388244444;10240;10228
4623;20949951000;20929555555;21429555555;10240;10228
4624;20949955000;20929555555;21429555555;10240;10228
4625;20949960000;20929555555;21429555555;10240;10228
4626;20949964000;20929555555;21429555555;10240;10228
4627;20949970000;20929555555;21429555555;10240;10228
4628;20949976000;20929555555;21429555555;10240;10228
4629;20949981000;20929555555;21429555555;10240;10228
4630;20949985000;20929611111;21429611111;10240;10228
4631;20991577000;20929866666;21429866666;10240;10228
4632;20991588000;20929866666;21429866666;10240;10228
4633;20991596000;20929866666;21429866666;10240;10228
4634;20991601000;20971222222;21471222222;10240;10228
4635;20991606000;20971222222;21471222222;10240;10228
4636;20991611000;20971222222;21471222222;10240;10228
4637;20991616000;20971222222;21471222222;10240;10228
4638;20991623000;20971222222;21471222222;10240;10228
4639;20991629000;20971222222;21471222222;10240;10228
4640;20991634000;20971222222;21471222222;10240;10228
4641;20991638000;20971277777;21471277777;10240;10228
4642;21033241000;20971588888;21471588888;10240;10228
4643;21033251000;20971588888;21471588888;10240;10228
4644;21033257000;20971588888;21471588888;10240;10228
4645;21033261000;21012888888;21512888888;10240;10228
4646;21033265000;21012888888;21512888888;10240;10228
4647;21033269000;21012888888;21512888888;10240;10228
4648;21033273000;21012888888;21512888888;10240;10228
4649;21033279000;21012888888;21512888888;10240;10228
4650;21033286000;21012888888;21512888888;10240;10228
4651;21033291000;21012888888;21512888888;10240;10228
4652;21033296000;21012944444;21512944444;10240;10228
4653;21074912000;21013244444;21513244444;10240;10228
4654;21074923000;21013244444;21513244444;10240;10228
4655;21074929000;21013244444;21513244444;10240;10228
4656;21074933000;21054555555;21554555555;10240;10228
4657;21074944000;21054555555;21554555555;10240;10228
4658;21074949000;21054555555;21554555555;10240;10228
4659;21074954000;21054555555;21554555555;10240;10228
4660;21074963000;21054555555;21554555555;10240;10228
4661;21074967000;21054555555;21554555555;10240;10228
4662;21074972000;21054555555;21554555555;10240;10228
4663;21074976000;21054611111;21554611111;10240;10228
4664;21116578000;21054877777;21554877777;10240;10228
4665;21116592000;21054877777;21554877777;10240;10228
4666;21116598000;21054877777;21554877777;10240;10228
4667;21116603000;21096222222;21596222222;10240;10228
4668;21116609000;21096222222;21596222222;10240;10228
4669;21116613000;21096222222;21596222222;10240;10228
4670;21116618000;21096222222;21596222222;10240;10228
4671;21116622000;21096222222;21596222222;10240;10228
4672;21116626000;21096222222;21596222222;10240;10228
4673;21116630000;21096222222;21596222222;10240;10228
4674;21116634000;21096277777;21596277777;10240;10228
4675;21158247000;21096544444;21596544444;10240;10228
4676;21158266000;21096544444;21596544444;10240;10228
4677;21158273000;21096544444;21596544444;10240;10228
4678;21158278000;21137900000;21637900000;10240;10228
4679;21158283000;21137900000;21637900000;10240;10228
4680;21158287000;21137900000;21637900000;10240;10228
4681;21158294000;21137900000;21637900000;10240;10228
4682;21158298000;21137900000;21637900000;10240;10228
4683;21158303000;21137900000;21637900000;10240;10228
4684;21158307000;21137900000;21637900000;10240;10228
4685;21158319000;21137944444;21637944444;10240;10228
4686;21199912000;21138233333;21638233333;10240;10228
4687;21199924000;21138233333;21638233333;10240;10228
4688;21199930000;21138233333;21638233333;10240;10228
4689;21199934000;21179555555;21679555555;10240;10228
4690;21199941000;21179555555;21679555555;10240;10228
4691;21199945000;21179555555;21679555555;10240;10228
4692;21199953000;21179555555;21679555555;10240;10228
4693;21199959000;21179555555;21679555555;10240;10228
4694;21199964000;21179555555;21679555555;10240;10228
4695;21199969000;21179555555;21679555555;10240;10228
4696;21199973000;21179611111;21679611111;10240;10228
4697;21241566000;21179888888;21679888888;10240;10228
4698;21241579000;21179888888;21679888888;10240;10228
4699;21241585000;21179888888;21679888888;10240;10228
4700;21241589000;21221244444;21721244444;10240;10228
4701;21241597000;21221244444;21721244444;10240;10228
4702;21241602000;21221244444;21721244444;10240;10228
4703;21241609000;21221244444;21721244444;10240;10228
4704;21241613000;21221244444;21721244444;10240;10228
4705;21241619000;21221244444;21721244444;10240;10228
4706;21241623000;21221244444;21721244444;10240;10228
4707;21241629000;21221288888;21721288888;10240;10228
4708;21283265000;21221588888;21721588888;10240;10228
4709;21283276000;21221588888;21721588888;10240;10228
4710;21283285000;21221588888;21721588888;10240;10228
4711;21283291000;21262922222;21762922222;10240;10228
4712;21283296000;21262922222;21762922222;10240;10228
4713;21283302000;21262922222;21762922222;10240;10228
4714;21283307000;21262922222;21762922222;10240;10228
4715;21283311000;21262922222;21762922222;10240;10228
4716;21283316000;21262922222;21762922222;10240;10228
4717;21283326000;21262922222;21762922222;10240;10228
4718;21283332000;21262966666;21762966666;10240;10228
4719;21324868000;21263277777;21763277777;10240;10228
4720;21324882000;21263277777;21763277777;10240;10228
4721;21324888000;21263277777;21763277777;10240;10228
4722;21324895000;21304555555;21804555555;10240;10228
4723;21324900000;21304555555;21804555555;10240;10228
4724;21324904000;21304555555;21804555555;10240;10228
4725;21324910000;21304555555;21804555555;10240;10228
4726;21324915000;21304555555;21804555555;10240;10228
4727;21324920000;21304555555;21804555555;10240;10228
4728;21324926000;21304555555;21804555555;10240;10228
4729;21324932000;21304611111;21804611111;10240;10228
4730;21366576000;21304855555;21804855555;10240;10228
4731;21366592000;21304855555;21804855555;10240;10228
4732;21366597000;21304855555;21804855555;10240;10228
4733;21366602000;21346222222;21846222222;10240;10228
4734;21366607000;21346222222;21846222222;10240;10228
4735;21366611000;21346222222;21846222222;10240;10228
4736;21366615000;21346222222;21846222222;10240;10228
4737;21366619000;21346222222;21846222222;10240;10228
4738;21366624000;21346222222;21846222222;10240;10228
4739;21366629000;21346222222;21846222222;10240;10228
4740;21366633000;21346277777;21846277777;10240;10228
4741;21408216000;21346566666;21846566666;10240;10228
4742;21408229000;21346566666;21846566666;10240;10228
4743;21408234000;21346566666;21846566666;10240;10228
4744;21408239000;21387888888;21887888888;10240;10228
4745;21408244000;21387888888;21887888888;10240;10228
4746;21408248000;21387888888;21887888888;10240;10228
4747;21408253000;21387888888;21887888888;10240;10228
4748;21408258000;21387888888;21887888888;10240;10228
4749;21408264000;21387888888;21887888888;10240;10228
4750;21408269000;21387888888;21887888888;10240;10228
4751;21408273000;21387955555;21887955555;10240;10228
4752;21449907000;21388288888;21888288888;10240;10228
4753;21449930000;21388288888;21888288888;10240;10228
4754;21449938000;21388288888;21888288888;10240;10228
4755;21449943000;21429555555;21929555555;10240;10228
4756;21449947000;21429555555;21929555555;10240;10228
4757;21449952000;21429555555;21929555555;10240;10228
4758;21449956000;21429555555;21929555555;10240;10228
4759;21449961000;21429555555;21929555555;10240;10228
4760;21449965000;21429555555;21929555555;10240;10228
4761;21449968000;21429555555;21929555555;10240;10228
4762;21449972000;21429611111;21929611111;10240;10228
4763;21491550000;21429900000;21929900000;10240;10228
4764;21491561000;21429900000;21929900000;10240;10228
4765;21491566000;21429900000;21929900000;10240;10228
4766;21491570000;21471222222;21971222222;10240;10228
4767;21491574000;21471222222;21971222222;10240;10228
4768;21491579000;21471222222;21971222222;10240;10228
4769;21491583000;21471222222;21971222222;10240;10228
4770;21491591000;21471222222;21971222222;10240;10228
4771;21491597000;21471222222;21971222222;10240;10228
4772;21491601000;21471222222;21971222222;10240;10228
4773;21491609000;21471277777;21971277777;10240;10228
4774;21533241000;21471600000;21971600000;10240;10228
4775;21533253000;21471600000;21971600000;10240;10228
4776;21533258000;21471600000;21971600000;10240;10228
4777;21533263000;21512888888;22012888888;10240;10228
4778;21533267000;21512888888;22012888888;10240;10228
4779;21533272000;21512888888;22012888888;10240;10228
4780;21533277000;21512888888;22012888888;10240;10228
4781;21533282000;21512888888;22012888888;10240;10228
4782;21533287000;21512888888;22012888888;10240;10228
4783;21533291000;21512888888;22012888888;10240;10228
4784;21533295000;21512944444;22012944444;10240;10228
4785;21574885000;21513255555;22013255555;10240;10228
4786;21574896000;21513255555;22013255555;10240;10228
4787;21574902000;21513255555;22013255555;10240;10228
4788;21574906000;21554555555;22054555555;10240;10228
4789;21574911000;21554555555;22054555555;10240;10228
4790;21574917000;21554555555;22054555555;10240;10228
4791;21574921000;21554555555;22054555555;10240;10228
4792;21574927000;21554555555;22054555555;10240;10228
4793;21574931000;21554555555;22054555555;10240;10228
4794;21574937000;21554555555;22054555555;10240;10228
4795;21574941000;21554611111;22054611111;10240;10228
4796;21616585000;21554888888;22054888888;10240;10228
4797;21616596000;21554888888;22054888888;10240;10228
4798;21616602000;21554888888;22054888888;10240;10228
4799;21616607000;21596233333;22096233333;10240;10228
4800;21616612000;21596233333;22096233333;10240;10228
4801;21616616000;21596233333;22096233333;10240;10228
4802;21616620000;21596233333;22096233333;10240;10228
4803;21616626000;21596233333;22096233333;10240;10228
4804;21616630000;21596233333;22096233333;10240;10228
4805;21616635000;21596233333;22096233333;10240;10228
4806;21616640000;21596277777;22096277777;10240;10228
4807;21658221000;21596600000;22096600000;10240;10228
4808;21658232000;21596600000;22096600000;10240;10228
4809;21658238000;21596600000;22096600000;10240;10228
4810;21658245000;21637888888;22137888888;10240;10228
4811;21658254000;21637888888;22137888888;10240;10228
4812;21658263000;21637888888;22137888888;10240;10228
4813;21658268000;21637888888;22137888888;10240;10228
4814;21658273000;21637888888;22137888888;10240;10228
4815;21658278000;21637888888;22137888888;10240;10228
4816;21658284000;21637888888;22137888888;10240;10228
4817;21658288000;21637944444;22137944444;10240;10228
4818;21699913000;21638266666;22138266666;10240;10228
4819;21699922000;21638266666;22138266666;10240;10228
4820;21699928000;21638266666;22138266666;10240;10228
4821;21699932000;21679566666;22179566666;10240;10228
4822;21699940000;21679566666;22179566666;10240;10228
4823;21699944000;21679566666;22179566666;10240;10228
4824;21699949000;21679566666;22179566666;10240;10228
4825;21699953000;21679566666;22179566666;10240;10228
4826;21699957000;21679566666;22179566666;10240;10228
4827;21699961000;21679566666;22179566666;10240;10228
4828;21699965000;21679611111;22179611111;10240;10228
4829;21741613000;21679911111;22179911111;10240;10228
4830;21741622000;21679911111;22179911111;10240;10228
4831;21741639000;21679911111;22179911111;10240;10228
4832;21741643000;21721255555;22221255555;10240;10228
4833;21741648000;21721255555;22221255555;10240;10228
4834;21741652000;21721255555;22221255555;10240;10228
4835;21741657000;21721255555;22221255555;10240;10228
4836;21741661000;21721255555;22221255555;10240;10228
4837;21741665000;21721255555;22221255555;10240;10228
4838;21741670000;21721255555;22221255555;10240;10228
4839;21741683000;21721300000;22221300000;10240;10228
4840;21783264000;21721611111;22221611111;10240;10228
4841;21783274000;21721611111;22221611111;10240;10228
4842;21783280000;21721611111;22221611111;10240;10228
4843;21783284000;21762888888;22262888888;10240;10228
4844;21783289000;21762888888;22262888888;10240;10228
4845;21783294000;21762888888;22262888888;10240;10228
4846;21783299000;21762888888;22262888888;10240;10228
4847;21783304000;21762888888;22262888888;10240;10228
4848;21783309000;21762888888;22262888888;10240;10228
4849;21783313000;21762888888;22262888888;10240;10228
4850;21783317000;21762944444;22262944444;10240;10228
4851;21824871000;21763255555;22263255555;10240;10228
4852;21824883000;21763255555;22263255555;10240;10228
4853;21824890000;21763255555;22263255555;10240;10228
4854;21824895000;21804555555;22304555555;10240;10228
4855;21824900000;21804555555;22304555555;10240;10228
4856;21824908000;21804555555;22304555555;10240;10228
4857;21824914000;21804555555;22304555555;10240;10228
4858;21824918000;21804555555;22304555555;10240;10228
4859;21824923000;21804555555;22304555555;10240;10228
4860;21824930000;21804555555;22304555555;10240;10228
4861;21824934000;21804600000;22304600000;10240;10228
4862;21866549000;21804866666;22304866666;10240;10228
4863;21866561000;21804866666;22304866666;10240;10228
4864;21866566000;21804866666;22304866666;10240;10228
4865;21866570000;21846222222;22346222222;10240;10228
4866;21866575000;21846222222;22346222222;10240;10228
4867;21866584000;21846222222;22346222222;10240;10228
4868;21866589000;21846222222;22346222222;10240;10228
4869;21866593000;21846222222;22346222222;10240;10228
4870;21866599000;21846222222;22346222222;10240;10228
4871;21866607000;21846222222;22346222222;10240;10228
4872;21866612000;21846266666;22346266666;10240;10228
4873;21908241000;21846577777;22346577777;10240;10228
4874;21908253000;21846577777;22346577777;10240;10228
4875;21908258000;21846577777;22346577777;10240;10228
4876;21908263000;21887888888;22387888888;10240;10228
4877;21908269000;21887888888;22387888888;10240;10228
4878;21908273000;21887888888;22387888888;10240;10228
4879;21908278000;21887888888;22387888888;10240;10228
4880;21908283000;21887888888;22387888888;10240;10228
4881;21908288000;21887888888;22387888888;10240;10228
4882;21908293000;21887888888;22387888888;10240;10228
4883;21908299000;21887944444;22387944444;10240;10228
4884;21949911000;21888266666;22388266666;10240;10228
4885;21949924000;21888266666;22388266666;10240;10228
4886;21949929000;21888266666;22388266666;10240;10228
4887;21949934000;21929555555;22429555555;10240;10228
4888;21949938000;21929555555;22429555555;10240;10228
4889;21949943000;21929555555;22429555555;10240;10228
4890;21949947000;21929555555;22429555555;10240;10228
4891;21949956000;21929555555;22429555555;10240;10228
4892;21949962000;21929555555;22429555555;10240;10228
4893;21949966000;21929555555;22429555555;10240;10228
4894;21949971000;21929611111;22429611111;10240;10228
4895;21991575000;21929900000;22429900000;10240;10228
4896;21991587000;21929900000;22429900000;10240;10228
4897;21991593000;21929900000;22429900000;10240;10228
4898;21991598000;21971222222;22471222222;10240;10228
4899;21991603000;21971222222;22471222222;10240;10228
4900;21991608000;21971222222;22471222222;10240;10228
4901;21991612000;21971222222;22471222222;10240;10228
4902;21991617000;21971222222;22471222222;10240;10228
4903;21991621000;21971222222;22471222222;10240;10228
4904;21991625000;21971222222;22471222222;10240;10228
4905;21991631000;21971277777;22471277777;10240;10228
4906;22033244000;21971600000;22471600000;10240;10228
4907;22033257000;21971600000;22471600000;10240;10228
4908;22033270000;21971600000;22471600000;10240;10228
4909;22033275000;22012888888;22512888888;10240;10228
4910;22033280000;22012888888;22512888888;10240;10228
4911;22033285000;22012888888;22512888888;10240;10228
4912;22033290000;22012888888;22512888888;10240;10228
4913;22033295000;22012888888;22512888888;10240;10228
4914;22033298000;22012888888;22512888888;10240;10228
4915;22033302000;22012888888;22512888888;10240;10228
4916;22033306000;22012944444;22512944444;10240;10228
4917;22074887000;22013277777;22513277777;10240;10228
4918;22074899000;22013277777;22513277777;10240;10228
4919;22074904000;22013277777;22513277777;10240;10228
4920;22074909000;22054566666;22554566666;10240;10228
4921;22074914000;22054566666;22554566666;10240;10228
4922;22074919000;22054566666;22554566666;10240;10228
4923;22074923000;22054566666;22554566666;10240;10228
4924;22074933000;22054566666;22554566666;10240;10228
4925;22074937000;22054566666;22554566666;10240;10228
4926;22074943000;22054566666;22554566666;10240;10228
4927;22074948000;22054611111;22554611111;10240;10228
4928;22116575000;22054922222;22554922222;10240;10228
4929;22116586000;22054922222;22554922222;10240;10228
4930;22116590000;22054922222;22554922222;10240;10228
4931;22116596000;22096222222;22596222222;10240;10228
4932;22116600000;22096222222;22596222222;10240;10228
4933;22116604000;22096222222;22596222222;10240;10228
4934;22116608000;22096222222;22596222222;10240;10228
4935;22116614000;22096222222;22596222222;10240;10228
4936;22116618000;22096222222;22596222222;10240;10228
4937;22116623000;22096222222;22596222222;10240;10228
4938;22116627000;22096277777;22596277777;10240;10228
4939;22158250000;22096577777;22596577777;10240;10228
4940;22158262000;22096577777;22596577777;10240;10228
4941;22158272000;22096577777;22596577777;10240;10228
4942;22158277000;22137900000;22637900000;10240;10228
4943;22158282000;22137900000;22637900000;10240;10228
4944;22158287000;22137900000;22637900000;10240;10228
4945;22158291000;22137900000;22637900000;10240;10228
4946;22158296000;22137900000;22637900000;10240;10228
4947;22158301000;22137900000;22637900000;10240;10228
4948;22158306000;22137900000;22637900000;10240;10228
4949;22158310000;22137944444;22637944444;10240;10228
4950;22199924000;22138255555;22638255555;10240;10228
4951;22199935000;22138255555;22638255555;10240;10228
4952;22199940000;22138255555;22638255555;10240;10228
4953;22199944000;22179566666;22679566666;10240;10228
4954;22199949000;22179566666;22679566666;10240;10228
4955;22199953000;22179566666;22679566666;10240;10228
4956;22199956000;22179566666;22679566666;10240;10228
4957;22199962000;22179566666;22679566666;10240;10228
4958;22199966000;22179566666;22679566666;10240;10228
4959;22199971000;22179566666;22679566666;10240;10228
4960;22199974000;22179611111;22679611111;10240;10228
4961;22241583000;22179911111;22679911111;10240;10228
4962;22241593000;22179911111;22679911111;10240;10228
4963;22241598000;22179911111;22679911111;10240;10228
4964;22241602000;22221233333;22721233333;10240;10228
4965;22241607000;22221233333;22721233333;10240;10228
4966;22241611000;22221233333;22721233333;10240;10228
4967;22241615000;22221233333;22721233333;10240;10228
4968;22241620000;22221233333;22721233333;10240;10228
4969;22241625000;22221233333;22721233333;10240;10228
4970;22241629000;22221233333;22721233333;10240;10228
4971;22241633000;22221277777;22721277777;10240;10228
4972;22283236000;22221611111;22721611111;10240;10228
4973;22283247000;22221611111;22721611111;10240;10228
4974;22283253000;22221611111;22721611111;10240;10228
4975;22283257000;22262900000;22762900000;10240;10228
4976;22283262000;22262900000;22762900000;10240;10228
4977;22283266000;22262900000;22762900000;10240;10228
4978;22283270000;22262900000;22762900000;10240;10228
4979;22283275000;22262900000;22762900000;10240;10228
4980;22283280000;22262900000;22762900000;10240;10228
4981;22283285000;22262900000;22762900000;10240;10228
4982;22283289000;22262944444;22762944444;10240;10228
4983;22324910000;22263288888;22763288888;10240;10228
4984;22324921000;22263288888;22763288888;10240;10228
4985;22324936000;22263288888;22763288888;10240;10228
4986;22324941000;22304566666;22804566666;10240;10228
4987;22324946000;22304566666;22804566666;10240;10228
4988;22324950000;22304566666;22804566666;10240;10228
4989;22324959000;22304566666;22804566666;10240;10228
4990;22324964000;22304566666;22804566666;10240;10228
4991;22324969000;22304566666;22804566666;10240;10228
4992;22324973000;22304566666;22804566666;10240;10228
4993;22324977000;22304611111;22804611111;10240;10228
4994;22366595000;22304900000;22804900000;10240;10228
4995;22366606000;22304900000;22804900000;10240;10228
4996;22366616000;22304900000;22804900000;10240;10228
4997;22366620000;22346233333;22846233333;10240;10228
4998;22366626000;22346233333;22846233333;10240;10228
4999;22366630000;22346233333;22846233333;10240;10228
5000;22366638000;22346233333;22846233333;10240;10228
5001;22366646000;22346233333;22846233333;10240;10228
5002;22366651000;22346233333;22846233333;10240;10228
5003;22366655000;22346233333;22846233333;10240;10228
5004;22366659000;22346277777;22846277777;10240;10228
5005;22408230000;22346611111;22846611111;10240;10228
5006;22408242000;22346611111;22846611111;10240;10228
5007;22408247000;22346611111;22846611111;10240;10228
5008;22408253000;22387900000;22887900000;10240;10228
5009;22408258000;22387900000;22887900000;10240;10228
5010;22408263000;22387900000;22887900000;10240;10228
5011;22408269000;22387900000;22887900000;10240;10228
5012;22408274000;22387900000;22887900000;10240;10228
5013;22408278000;22387900000;22887900000;10240;10228
5014;22408283000;22387900000;22887900000;10240;10228
5015;22408287000;22387944444;22887944444;10240;10228
5016;22449900000;22388277777;22888277777;10240;10228
5017;22449911000;22388277777;22888277777;10240;10228
5018;22449915000;22388277777;22888277777;10240;10228
5019;22449919000;22429566666;22929566666;10240;10228
5020;22449924000;22429566666;22929566666;10240;10228
5021;22449929000;22429566666;22929566666;10240;10228
5022;22449934000;22429566666;22929566666;10240;10228
5023;22449938000;22429566666;22929566666;10240;10228
5024;22449945000;22429566666;22929566666;10240;10228
5025;22449949000;22429566666;22929566666;10240;10228
5026;22449958000;22429611111;22929611111;10240;10228
5027;22491596000;22429911111;22929911111;10240;10228
5028;22491607000;22429911111;22929911111;10240;10228
5029;22491612000;22429911111;22929911111;10240;10228
5030;22491616000;22471244444;22971244444;10240;10228
5031;22491620000;22471244444;22971244444;10240;10228
5032;22491625000;22471244444;22971244444;10240;10228
5033;22491634000;22471244444;22971244444;10240;10228
5034;22491638000;22471244444;22971244444;10240;10228
5035;22491643000;22471244444;22971244444;10240;10228
5036;22491648000;22471244444;22971244444;10240;10228
5037;22491653000;22471288888;22971288888;10240;10228
5038;22533234000;22471611111;22971611111;10240;10228
5039;22533247000;22471611111;22971611111;10240;10228
5040;22533252000;22471611111;22971611111;10240;10228
5041;22533258000;22512900000;23012900000;10240;10228
5042;22533263000;22512900000;23012900000;10240;10228
5043;22533268000;22512900000;23012900000;10240;10228
5044;22533273000;22512900000;23012900000;10240;10228
5045;22533277000;22512900000;23012900000;10240;10228
5046;22533282000;22512900000;23012900000;10240;10228
5047;22533287000;22512900000;23012900000;10240;10228
5048;22533292000;22512944444;23012944444;10240;10228
5049;22574899000;22513266666;23013266666;10240;10228
5050;22574915000;22513266666;23013266666;10240;10228
5051;22574921000;22513266666;23013266666;10240;10228
5052;22574926000;22554566666;23054566666;10240;10228
5053;22574931000;22554566666;23054566666;10240;10228
5054;22574936000;22554566666;23054566666;10240;10228
5055;22574940000;22554566666;23054566666;10240;10228
5056;22574944000;22554566666;23054566666;10240;10228
5057;22574948000;22554566666;23054566666;10240;10228
5058;22574953000;22554566666;23054566666;10240;10228
5059;22574957000;22554611111;23054611111;10240;10228
5060;22616589000;22554900000;23054900000;10240;10228
5061;22616600000;22554900000;23054900000;10240;10228
5062;22616606000;22554900000;23054900000;10240;10228
5063;22616620000;22596233333;23096233333;10240;10228
5064;22616624000;22596233333;23096233333;10240;10228
5065;22616628000;22596233333;23096233333;10240;10228
5066;22616637000;22596233333;23096233333;10240;10228
5067;22616642000;22596233333;23096233333;10240;10228
5068;22616645000;22596233333;23096233333;10240;10228
5069;22616649000;22596233333;23096233333;10240;10228
5070;22616662000;22596277777;23096277777;10240;10228
5071;22658259000;22596588888;23096588888;10240;10228
5072;22658273000;22596588888;23096588888;10240;10228
5073;22658278000;22596588888;23096588888;10240;10228
5074;22658283000;22637900000;23137900000;10240;10228
5075;22658287000;22637900000;23137900000;10240;10228
5076;22658296000;22637900000;23137900000;10240;10228
5077;22658300000;22637900000;23137900000;10240;10228
5078;22658311000;22637900000;23137900000;10240;10228
5079;22658316000;22637900000;23137900000;10240;10228
5080;22658322000;22637900000;23137900000;10240;10228
5081;22658326000;22637944444;23137944444;10240;10228
5082;22699922000;22638277777;23138277777;10240;10228
5083;22699934000;22638277777;23138277777;10240;10228
5084;22699939000;22638277777;23138277777;10240;10228
5085;22699945000;22679566666;23179566666;10240;10228
5086;22699949000;22679566666;23179566666;10240;10228
5087;22699954000;22679566666;23179566666;10240;10228
5088;22699958000;22679566666;23179566666;10240;10228
5089;22699963000;22679566666;23179566666;10240;10228
5090;22699967000;22679566666;23179566666;10240;10228
5091;22699971000;22679566666;23179566666;10240;10228
5092;22699975000;22679611111;23179611111;10240;10228
5093;22741579000;22679911111;23179911111;10240;10228
5094;22741590000;22679911111;23179911111;10240;10228
5095;22741595000;22679911111;23179911111;10240;10228
5096;22741599000;22721233333;23221233333;10240;10228
5097;22741603000;22721233333;23221233333;10240;10228
5098;22741608000;22721233333;23221233333;10240;10228
5099;22741613000;22721233333;23221233333;10240;10228
5100;22741618000;22721233333;23221233333;10240;10228
5101;22741625000;22721233333;23221233333;10240;10228
5102;22741636000;22721233333;23221233333;10240;10228
5103;22741640000;22721277777;23221277777;10240;10228
5104;22783235000;22721588888;23221588888;10240;10228
5105;22783244000;22721588888;23221588888;10240;10228
5106;22783250000;22721588888;23221588888;10240;10228
5107;22783254000;22762888888;23262888888;10240;10228
5108;22783259000;22762888888;23262888888;10240;10228
5109;22783264000;22762888888;23262888888;10240;10228
5110;22783268000;22762888888;23262888888;10240;10228
5111;22783273000;22762888888;23262888888;10240;10228
5112;22783277000;22762888888;23262888888;10240;10228
5113;22783282000;22762888888;23262888888;10240;10228
5114;22783286000;22762944444;23262944444;10240;10228
5115;22824913000;22763255555;23263255555;10240;10228
5116;22824924000;22763255555;23263255555;10240;10228
5117;22824929000;22763255555;23263255555;10240;10228
5118;22824933000;22804566666;23304566666;10240;10228
5119;22824937000;22804566666;23304566666;10240;10228
5120;22824942000;22804566666;23304566666;10240;10228
5121;22824946000;22804566666;23304566666;10240;10228
5122;22824952000;22804566666;23304566666;10240;10228
5123;22824957000;22804566666;23304566666;10240;10228
5124;22824963000;22804566666;23304566666;10240;10228
5125;22824966000;22804611111;23304611111;10240;10228
5126;22866554000;22804866666;23304866666;10240;10228
5127;22866565000;22804866666;23304866666;10240;10228
5128;22866572000;22804866666;23304866666;10240;10228
5129;22866576000;22846222222;23346222222;10240;10228
5130;22866581000;22846222222;23346222222;10240;10228
5131;22866585000;22846222222;23346222222;10240;10228
5132;22866589000;22846222222;23346222222;10240;10228
5133;22866594000;22846222222;23346222222;10240;10228
5134;22866599000;22846222222;23346222222;10240;10228
5135;22866605000;22846222222;23346222222;10240;10228
5136;22866609000;22846277777;23346277777;10240;10228
5137;22908265000;22846566666;23346566666;10240;10228
5138;22908275000;22846566666;23346566666;10240;10228
5139;22908281000;22846566666;23346566666;10240;10228
5140;22908294000;22887888888;23387888888;10240;10228
5141;22908304000;22887888888;23387888888;10240;10228
5142;22908309000;22887888888;23387888888;10240;10228
5143;22908314000;22887888888;23387888888;10240;10228
5144;22908318000;22887888888;23387888888;10240;10228
5145;22908322000;22887888888;23387888888;10240;10228
5146;22908335000;22887888888;23387888888;10240;10228
5147;22908339000;22887933333;23387933333;10240;10228
5148;22949918000;22888266666;23388266666;10240;10228
5149;22949931000;22888266666;23388266666;10240;10228
5150;22949938000;22888266666;23388266666;10240;10228
5151;22949942000;22929555555;23429555555;10240;10228
5152;22949947000;22929555555;23429555555;10240;10228
5153;22949951000;22929555555;23429555555;10240;10228
5154;22949956000;22929555555;23429555555;10240;10228
5155;22949959000;22929555555;23429555555;10240;10228
5156;22949964000;22929555555;23429555555;10240;10228
5157;22949967000;22929555555;23429555555;10240;10228
5158;22949971000;22929611111;23429611111;10240;10228
5159;22991590000;22929888888;23429888888;10240;10228
5160;22991603000;22929888888;23429888888;10240;10228
5161;22991608000;22929888888;23429888888;10240;10228
5162;22991613000;22971222222;23471222222;10240;10228
5163;22991623000;22971222222;23471222222;10240;10228
5164;22991628000;22971222222;23471222222;10240;10228
5165;22991634000;22971222222;23471222222;10240;10228
5166;22991641000;22971222222;23471222222;10240;10228
5167;22991647000;22971222222;23471222222;10240;10228
5168;22991650000;22971222222;23471222222;10240;10228
5169;22991655000;22971277777;23471277777;10240;10228
5170;23033215000;22971588888;23471588888;10240;10228
5171;23033226000;22971588888;23471588888;10240;10228
5172;23033231000;22971588888;23471588888;10240;10228
5173;23033237000;23012888888;23512888888;10240;10228
5174;23033242000;23012888888;23512888888;10240;10228
5175;23033245000;23012888888;23512888888;10240;10228
5176;23033250000;23012888888;23512888888;10240;10228
5177;23033254000;23012888888;23512888888;10240;10228
5178;23033260000;23012888888;23512888888;10240;10228
5180;23033264000;23012944444;23512944444;10240;10228
5181;23074906000;23013266666;23513266666;10240;10228
5182;23074916000;23013266666;23513266666;10240;10228
5183;23074923000;23013266666;23513266666;10240;10228
5184;23074927000;23054555555;23554555555;10240;10228
5185;23074932000;23054555555;23554555555;10240;10228
5186;23074936000;23054555555;23554555555;10240;10228
5187;23074940000;23054555555;23554555555;10240;10228
5188;23074945000;23054555555;23554555555;10240;10228
5189;23074954000;23054555555;23554555555;10240;10228
5190;23074963000;23054555555;23554555555;10240;10228
5191;23074971000;23054600000;23554600000;10240;10228
5179;23115566000;23012888888;23512888888;10240;10228
5192;23116565000;23054900000;23554900000;10240;10228
5193;23116578000;23054900000;23554900000;10240;10228
5194;23116582000;23054900000;23554900000;10240;10228
5196;23116589000;23096233333;23596233333;10240;10228
5197;23116602000;23096233333;23596233333;10240;10228
5198;23116607000;23096233333;23596233333;10240;10228
5199;23116611000;23096233333;23596233333;10240;10228
5200;23116615000;23096233333;23596233333;10240;10228
5201;23116620000;23096233333;23596233333;10240;10228
5202;23116633000;23096277777;23596277777;10240;10228
5195;23157252000;23096233333;23596233333;10240;10228
5203;23158214000;23096566666;23596566666;10240;10228
5204;23158221000;23096566666;23596566666;10240;10228
5205;23158232000;23096566666;23596566666;10240;10228
5206;23158237000;23137922222;23637922222;10240;10228
5207;23158241000;23137922222;23637922222;10240;10228
5208;23158246000;23137922222;23637922222;10240;10228
5209;23158250000;23137922222;23637922222;10240;10228
5210;23158253000;23137922222;23637922222;10240;10228
5211;23158258000;23137922222;23637922222;10240;10228
5212;23158268000;23137922222;23637922222;10240;10228
5213;23158273000;23137966666;23637966666;10240;10228
5214;23199906000;23138277777;23638277777;10240;10228
5215;23199911000;23138277777;23638277777;10240;10228
5216;23199924000;23138277777;23638277777;10240;10228
5217;23199943000;23179588888;23679588888;10240;10228
5218;23199948000;23179588888;23679588888;10240;10228
5219;23199953000;23179588888;23679588888;10240;10228
5220;23199958000;23179588888;23679588888;10240;10228
5221;23199962000;23179588888;23679588888;10240;10228
5222;23199967000;23179588888;23679588888;10240;10228
5223;23199971000;23179588888;23679588888;10240;10228
5224;23199975000;23179633333;23679633333;10240;10228
5225;23241571000;23179922222;23679922222;10240;10228
5226;23241577000;23179922222;23679922222;10240;10228
5227;23241590000;23179922222;23679922222;10240;10228
5228;23241595000;23221233333;23721233333;10240;10228
5229;23241599000;23221233333;23721233333;10240;10228
5230;23241604000;23221233333;23721233333;10240;10228
5231;23241608000;23221233333;23721233333;10240;10228
5232;23241616000;23221233333;23721233333;10240;10228
5233;23241620000;23221233333;23721233333;10240;10228
5234;23241628000;23221233333;23721233333;10240;10228
5235;23241632000;23221277777;23721277777;10240;10228
5236;23283244000;23221600000;23721600000;10240;10228
5237;23283256000;23221600000;23721600000;10240;10228
5238;23283262000;23221600000;23721600000;10240;10228
5239;23283267000;23262900000;23762900000;10240;10228
5240;23283271000;23262900000;23762900000;10240;10228
5241;23283277000;23262900000;23762900000;10240;10228
5242;23283281000;23262900000;23762900000;10240;10228
5243;23283286000;23262900000;23762900000;10240;10228
5244;23283290000;23262900000;23762900000;10240;10228
5245;23283295000;23262900000;23762900000;10240;10228
5246;23283307000;23262944444;23762944444;10240;10228
5247;23324910000;23263266666;23763266666;10240;10228
5248;23324922000;23263266666;23763266666;10240;10228
5249;23324930000;23263266666;23763266666;10240;10228
5250;23324935000;23304555555;23804555555;10240;10228
5251;23324939000;23304555555;23804555555;10240;10228
5252;23324944000;23304555555;23804555555;10240;10228
5253;23324949000;23304555555;23804555555;10240;10228
5254;23324954000;23304555555;23804555555;10240;10228
5255;23324959000;23304555555;23804555555;10240;10228
5256;23324964000;23304555555;23804555555;10240;10228
5257;23324968000;23304600000;23804600000;10240;10228
5258;23366572000;23304877777;23804877777;10240;10228
5259;23366582000;23304877777;23804877777;10240;10228
5260;23366597000;23304877777;23804877777;10240;10228
5261;23366602000;23346222222;23846222222;10240;10228
5262;23366606000;23346222222;23846222222;10240;10228
5263;23366613000;23346222222;23846222222;10240;10228
5264;23366617000;23346222222;23846222222;10240;10228
5265;23366636000;23346222222;23846222222;10240;10228
5266;23366640000;23346222222;23846222222;10240;10228
5267;23366644000;23346222222;23846222222;10240;10228
5268;23366658000;23346277777;23846277777;10240;10228
5269;23408245000;23346588888;23846588888;10240;10228
5270;23408256000;23346588888;23846588888;10240;10228
5271;23408261000;23346588888;23846588888;10240;10228
5272;23408265000;23387888888;23887888888;10240;10228
5273;23408269000;23387888888;23887888888;10240;10228
5274;23408273000;23387888888;23887888888;10240;10228
5275;23408278000;23387888888;23887888888;10240;10228
5276;23408286000;23387888888;23887888888;10240;10228
5277;23408291000;23387888888;23887888888;10240;10228
5278;23408296000;23387888888;23887888888;10240;10228
5279;23408300000;23387944444;23887944444;10240;10228
5280;23449914000;23388255555;23888255555;10240;10228
5281;23449923000;23388255555;23888255555;10240;10228
5282;23449928000;23388255555;23888255555;10240;10228
5283;23449933000;23429555555;23929555555;10240;10228
5284;23449938000;23429555555;23929555555;10240;10228
5285;23449944000;23429555555;23929555555;10240;10228
5286;23449948000;23429555555;23929555555;10240;10228
5287;23449953000;23429555555;23929555555;10240;10228
5288;23449957000;23429555555;23929555555;10240;10228
5289;23449961000;23429555555;23929555555;10240;10228
5290;23449965000;23429600000;23929600000;10240;10228
5291;23491568000;23429888888;23929888888;10240;10228
5292;23491578000;23429888888;23929888888;10240;10228
5293;23491583000;23429888888;23929888888;10240;10228
5294;23491596000;23471222222;23971222222;10240;10228
5295;23491601000;23471222222;23971222222;10240;10228
5296;23491606000;23471222222;23971222222;10240;10228
5297;23491611000;23471222222;23971222222;10240;10228
5298;23491615000;23471222222;23971222222;10240;10228
5299;23491618000;23471222222;23971222222;10240;10228
5300;23491632000;23471222222;23971222222;10240;10228
5301;23491635000;23471277777;23971277777;10240;10228
5302;23533250000;23471588888;23971588888;10240;10228
5303;23533260000;23471588888;23971588888;10240;10228
5304;23533266000;23471588888;23971588888;10240;10228
5305;23533270000;23512888888;24012888888;10240;10228
5306;23533274000;23512888888;24012888888;10240;10228
5307;23533281000;23512888888;24012888888;10240;10228
5308;23533286000;23512888888;24012888888;10240;10228
5309;23533290000;23512888888;24012888888;10240;10228
5310;23533294000;23512888888;24012888888;10240;10228
5311;23533298000;23512888888;24012888888;10240;10228
5312;23533302000;23512944444;24012944444;10240;10228
5313;23574914000;23513244444;24013244444;10240;10228
5314;23574926000;23513244444;24013244444;10240;10228
5315;23574933000;23513244444;24013244444;10240;10228
5316;23574937000;23554555555;24054555555;10240;10228
5317;23574942000;23554555555;24054555555;10240;10228
5318;23574948000;23554555555;24054555555;10240;10228
5319;23574953000;23554555555;24054555555;10240;10228
5320;23574963000;23554555555;24054555555;10240;10228
5321;23574969000;23554555555;24054555555;10240;10228
5322;23574973000;23554555555;24054555555;10240;10228
5323;23574978000;23554611111;24054611111;10240;10228
5324;23616574000;23554888888;24054888888;10240;10228
5325;23616585000;23554888888;24054888888;10240;10228
5326;23616591000;23554888888;24054888888;10240;10228
5327;23616595000;23596222222;24096222222;10240;10228
5328;23616603000;23596222222;24096222222;10240;10228
5329;23616608000;23596222222;24096222222;10240;10228
5330;23616614000;23596222222;24096222222;10240;10228
5331;23616619000;23596222222;24096222222;10240;10228
5332;23616629000;23596222222;24096222222;10240;10228
5333;23616633000;23596222222;24096222222;10240;10228
5334;23616648000;23596277777;24096277777;10240;10228
5335;23658248000;23596577777;24096577777;10240;10228
5336;23658261000;23596577777;24096577777;10240;10228
5337;23658265000;23596577777;24096577777;10240;10228
5338;23658270000;23637900000;24137900000;10240;10228
5339;23658274000;23637900000;24137900000;10240;10228
5340;23658281000;23637900000;24137900000;10240;10228
5341;23658286000;23637900000;24137900000;10240;10228
5342;23658290000;23637900000;24137900000;10240;10228
5343;23658295000;23637900000;24137900000;10240;10228
5344;23658300000;23637900000;24137900000;10240;10228
5345;23658305000;23637944444;24137944444;10240;10228
5346;23699911000;23638266666;24138266666;10240;10228
5347;23699923000;23638266666;24138266666;10240;10228
5348;23699928000;23638266666;24138266666;10240;10228
5349;23699932000;23679555555;24179555555;10240;10228
5350;23699936000;23679555555;24179555555;10240;10228
5351;23699940000;23679555555;24179555555;10240;10228
5352;23699946000;23679555555;24179555555;10240;10228
5353;23699950000;23679555555;24179555555;10240;10228
5354;23699955000;23679555555;24179555555;10240;10228
5355;23699959000;23679555555;24179555555;10240;10228
5356;23699963000;23679600000;24179600000;10240;10228
5357;23741568000;23679900000;24179900000;10240;10228
5358;23741580000;23679900000;24179900000;10240;10228
5359;23741585000;23679900000;24179900000;10240;10228
5360;23741590000;23721222222;24221222222;10240;10228
5361;23741595000;23721222222;24221222222;10240;10228
5362;23741599000;23721222222;24221222222;10240;10228
5363;23741603000;23721222222;24221222222;10240;10228
5364;23741607000;23721222222;24221222222;10240;10228
5365;23741612000;23721222222;24221222222;10240;10228
5366;23741616000;23721222222;24221222222;10240;10228
5367;23741620000;23721266666;24221266666;10240;10228
5368;23783218000;23721577777;24221577777;10240;10228
5369;23783230000;23721577777;24221577777;10240;10228
5370;23783236000;23721577777;24221577777;10240;10228
5371;23783241000;23762888888;24262888888;10240;10228
5372;23783253000;23762888888;24262888888;10240;10228
5373;23783258000;23762888888;24262888888;10240;10228
5374;23783264000;23762888888;24262888888;10240;10228
5375;23783269000;23762888888;24262888888;10240;10228
5376;23783273000;23762888888;24262888888;10240;10228
5377;23783277000;23762888888;24262888888;10240;10228
5378;23783280000;23762944444;24262944444;10240;10228
5379;23824874000;23763255555;24263255555;10240;10228
5380;23824887000;23763255555;24263255555;10240;10228
5381;23824893000;23763255555;24263255555;10240;10228
5382;23824898000;23804555555;24304555555;10240;10228
5383;23824903000;23804555555;24304555555;10240;10228
5384;23824908000;23804555555;24304555555;10240;10228
5385;23824912000;23804555555;24304555555;10240;10228
5386;23824917000;23804555555;24304555555;10240;10228
5387;23824921000;23804555555;24304555555;10240;10228
5388;23824929000;23804555555;24304555555;10240;10228
5389;23824934000;23804600000;24304600000;10240;10228
5390;23866576000;23804866666;24304866666;10240;10228
5391;23866589000;23804866666;24304866666;10240;10228
5392;23866594000;23804866666;24304866666;10240;10228
5393;23866603000;23846222222;24346222222;10240;10228
5394;23866608000;23846222222;24346222222;10240;10228
5395;23866614000;23846222222;24346222222;10240;10228
5396;23866619000;23846222222;24346222222;10240;10228
5397;23866625000;23846222222;24346222222;10240;10228
5398;23866629000;23846222222;24346222222;10240;10228
5399;23866635000;23846222222;24346222222;10240;10228
5400;23866639000;23846266666;24346266666;10240;10228
5401;23908245000;23846588888;24346588888;10240;10228
5402;23908257000;23846588888;24346588888;10240;10228
5403;23908262000;23846588888;24346588888;10240;10228
5404;23908267000;23887888888;24387888888;10240;10228
5405;23908271000;23887888888;24387888888;10240;10228
5406;23908277000;23887888888;24387888888;10240;10228
5407;23908281000;23887888888;24387888888;10240;10228
5408;23908287000;23887888888;24387888888;10240;10228
5409;23908294000;23887888888;24387888888;10240;10228
5410;23908300000;23887888888;24387888888;10240;10228
5411;23908308000;23887933333;24387933333;10240;10228
5412;23949911000;23888266666;24388266666;10240;10228
5413;23949923000;23888266666;24388266666;10240;10228
5414;23949928000;23888266666;24388266666;10240;10228
5415;23949932000;23929555555;24429555555;10240;10228
5416;23949937000;23929555555;24429555555;10240;10228
5417;23949943000;23929555555;24429555555;10240;10228
5418;23949947000;23929555555;24429555555;10240;10228
5419;23949952000;23929555555;24429555555;10240;10228
5420;23949957000;23929555555;24429555555;10240;10228
5421;23949967000;23929555555;24429555555;10240;10228
5422;23949972000;23929600000;24429600000;10240;10228
5423;23991577000;23929888888;24429888888;10240;10228
5424;23991588000;23929888888;24429888888;10240;10228
5425;23991593000;23929888888;24429888888;10240;10228
5426;23991598000;23971222222;24471222222;10240;10228
5427;23991603000;23971222222;24471222222;10240;10228
5428;23991607000;23971222222;24471222222;10240;10228
5429;23991611000;23971222222;24471222222;10240;10228
5430;23991616000;23971222222;24471222222;10240;10228
5431;23991620000;23971222222;24471222222;10240;10228
5432;23991625000;23971222222;24471222222;10240;10228
5433;23991629000;23971277777;24471277777;10240;10228
5434;24033220000;23971588888;24471588888;10240;10228
5435;24033229000;23971588888;24471588888;10240;10228
5436;24033235000;23971588888;24471588888;10240;10228
5437;24033239000;24012888888;24512888888;10240;10228
5438;24033244000;24012888888;24512888888;10240;10228
5439;24033248000;24012888888;24512888888;10240;10228
5440;24033252000;24012888888;24512888888;10240;10228
5441;24033257000;24012888888;24512888888;10240;10228
5442;24033261000;24012888888;24512888888;10240;10228
5443;24033269000;24012888888;24512888888;10240;10228
5444;24033277000;24012944444;24512944444;10240;10228
5445;24074907000;24013266666;24513266666;10240;10228
5446;24074918000;24013266666;24513266666;10240;10228
5447;24074927000;24013266666;24513266666;10240;10228
5448;24074932000;24054555555;24554555555;10240;10228
5449;24074947000;24054555555;24554555555;10240;10228
5450;24074952000;24054555555;24554555555;10240;10228
5451;24074957000;24054555555;24554555555;10240;10228
5452;24074961000;24054555555;24554555555;10240;10228
5453;24074964000;24054555555;24554555555;10240;10228
5454;24074968000;24054555555;24554555555;10240;10228
5455;24074972000;24054600000;24554600000;10240;10228
5456;24116578000;24054922222;24554922222;10240;10228
5457;24116589000;24054922222;24554922222;10240;10228
5458;24116594000;24054922222;24554922222;10240;10228
5459;24116598000;24096222222;24596222222;10240;10228
5460;24116604000;24096222222;24596222222;10240;10228
5461;24116608000;24096222222;24596222222;10240;10228
5462;24116614000;24096222222;24596222222;10240;10228
5463;24116618000;24096222222;24596222222;10240;10228
5464;24116623000;24096222222;24596222222;10240;10228
5465;24116627000;24096222222;24596222222;10240;10228
5466;24116631000;24096277777;24596277777;10240;10228
5467;24158261000;24096566666;24596566666;10240;10228
5468;24158272000;24096566666;24596566666;10240;10228
5469;24158278000;24096566666;24596566666;10240;10228
5470;24158283000;24137888888;24637888888;10240;10228
5471;24158288000;24137888888;24637888888;10240;10228
5472;24158295000;24137888888;24637888888;10240;10228
5473;24158301000;24137888888;24637888888;10240;10228
5474;24158306000;24137888888;24637888888;10240;10228
5475;24158313000;24137888888;24637888888;10240;10228
5476;24158318000;24137888888;24637888888;10240;10228
5477;24158322000;24137944444;24637944444;10240;10228
5478;24199886000;24138244444;24638244444;10240;10228
5479;24199897000;24138244444;24638244444;10240;10228
5480;24199903000;24138244444;24638244444;10240;10228
5481;24199907000;24179555555;24679555555;10240;10228
5482;24199912000;24179555555;24679555555;10240;10228
5483;24199916000;24179555555;24679555555;10240;10228
5484;24199922000;24179555555;24679555555;10240;10228
5485;24199927000;24179555555;24679555555;10240;10228
5486;24199933000;24179555555;24679555555;10240;10228
5487;24199938000;24179555555;24679555555;10240;10228
5488;24199943000;24179611111;24679611111;10240;10228
5489;24241554000;24179888888;24679888888;10240;10228
5490;24241566000;24179888888;24679888888;10240;10228
5491;24241575000;24179888888;24679888888;10240;10228
5492;24241580000;24221222222;24721222222;10240;10228
5493;24241590000;24221222222;24721222222;10240;10228
5494;24241595000;24221222222;24721222222;10240;10228
5495;24241600000;24221222222;24721222222;10240;10228
5496;24241604000;24221222222;24721222222;10240;10228
5497;24241612000;24221222222;24721222222;10240;10228
5498;24241616000;24221222222;24721222222;10240;10228
5499;24241625000;24221277777;24721277777;10240;10228
